0.00000	0.21911
0.00272	0.33793
0.00466	0.45674
0.00528	0.57555
0.00534	0.69437
0.00564	0.81318
0.00621	0.98549
0.00762	1.29940
0.01024	1.61330
0.01297	1.92730
0.01473	2.22500
0.01619	2.32700
0.01823	2.42900
0.02151	2.53100
0.02644	2.63290
0.03288	2.73490
0.04095	2.83690
0.04741	2.93890
0.05063	3.04090
0.05131	3.14290
0.05214	3.29490
0.05407	3.51870
0.05693	3.74250
0.05936	3.96620
0.06134	4.19000
0.06346	4.41370
0.06634	4.61700
0.07056	4.71520
0.07533	4.81340
0.08122	4.91160
0.08745	5.00970
0.09254	5.10790
0.09591	5.20610
0.09823	5.30430
0.10035	5.40250
0.10211	5.57720
0.10386	5.80890
0.10562	6.04070
0.10741	6.27250
0.10976	6.50430
0.11211	6.73610
0.11535	6.95890
0.11975	7.12100
0.12529	7.28310
0.13223	7.44530
0.13964	7.60740
0.14514	7.76950
0.14701	7.93170
0.14761	8.09380
0.14824	8.25590
0.14968	8.41810
0.15211	8.58020
0.15502	8.74230
0.15792	8.90450
0.16082	9.06660
0.16392	9.22870
0.16755	9.39090
0.17284	9.55300
0.17972	9.71510
0.18633	9.87730
0.19066	10.03900
0.19251	10.20200
0.19329	10.36400
0.19449	10.52600
0.19685	10.68800
0.20022	10.85000
0.20308	11.01200
0.20503	11.17400
0.20671	11.33600
0.20918	11.49900
0.21279	11.66100
0.21769	11.82300
0.22406	11.98500
0.23095	12.14700
0.23652	12.30900
0.23980	12.47100
0.24123	12.63400
0.24212	12.79600
0.24353	12.95800
0.24582	13.12000
0.24888	13.28200
0.25195	13.44400
0.25501	13.60600
0.25718	13.76800
0.25983	13.93100
0.26388	14.09300
0.27006	14.25500
0.27761	14.41700
0.28425	14.57900
0.28781	14.74100
0.28836	14.90300
0.28913	15.06500
0.29065	15.22800
0.29319	15.39000
0.29605	15.55200
0.29886	15.71400
0.30078	15.87600
0.30270	16.03800
0.30632	16.20000
0.31099	16.36300
0.31775	16.52500
0.32540	16.68700
0.33188	16.84900
0.33467	17.01100
0.33567	17.17300
0.33640	17.33500
0.33788	17.49700
0.34044	17.66000
0.34300	17.82400
0.34560	17.98700
0.34836	18.15100
0.35113	18.31400
0.35389	18.47800
0.35665	18.64200
0.36432	18.80500
0.37259	18.96900
0.37770	19.13200
0.38020	19.29600
0.38256	19.46000
0.38471	19.62300
0.38686	19.78700
0.38901	19.95000
0.39116	20.11400
0.39331	20.27800
0.39546	20.44100
0.39782	20.60500
0.40267	20.76800
0.40753	20.93200
0.41238	21.09600
0.41723	21.25900
0.42208	21.42300
0.42693	21.58600
0.43110	21.75000
0.43317	21.91400
0.43524	22.07700
0.43731	22.24100
0.43938	22.40400
0.44145	22.56800
0.44352	22.73200
0.44559	22.89500
0.44766	23.05900
0.44973	23.22200
0.45234	23.38600
0.45730	23.55000
0.46226	23.71300
0.46721	23.87700
0.47217	24.04000
0.47713	24.20400
0.48187	24.36800
0.48521	24.53100
0.48855	24.69500
0.49189	24.85800
0.49523	25.02200
0.49856	25.18600
0.50190	25.34900
0.50524	25.51300
0.50858	25.67600
0.51192	25.84000
0.51526	26.00300
0.51860	26.16700
0.52194	26.33100
0.52527	26.49400
0.52861	26.65800
0.53195	26.82100
0.53529	26.98500
0.53863	27.14900
0.54197	27.31200
0.54531	27.47600
0.54864	27.63900
0.55198	27.80300
0.55532	27.96700
0.55866	28.13000
0.56200	28.29400
0.56534	28.45700
0.56868	28.62100
0.57202	28.78500
0.57535	28.94800
0.57869	29.11200
0.58203	29.27500
0.58537	29.43900
0.58871	29.60300
0.59205	29.76600
0.59539	29.93000
0.59872	30.09300
0.60206	30.25700
0.60540	30.42100
0.60874	30.58400
0.61208	30.74800
0.61542	30.91100
0.61876	31.07500
0.62209	31.23900
0.62543	31.40200
0.62877	31.56600
0.63211	31.72900
0.63545	31.89300
0.63879	32.05700
0.64213	32.22000
0.64547	32.38400
0.64880	32.54700
0.65214	32.71100
0.65548	32.87500
0.65882	33.03800
0.66216	33.20200
0.66550	33.36500
0.66884	33.52900
0.67217	33.69300
0.67551	33.85600
0.67885	34.02000
0.68219	34.18300
0.68553	34.34700
0.68887	34.51000
0.69221	34.67400
0.69555	34.83800
0.69888	35.00100
0.70222	35.16500
0.70556	35.32800
0.70890	35.49200
0.71224	35.65600
0.71558	35.81900
0.71892	35.98300
0.72225	36.14600
0.72559	36.31000
0.72893	36.47400
0.73227	36.63700
0.73561	36.80100
0.73895	36.96400
0.74229	37.12800
0.74562	37.29200
0.74896	37.45500
0.75230	37.61900
0.75564	37.78200
0.75898	37.94600
0.76232	38.11000
0.76566	38.27300
0.76900	38.43700
0.77233	38.60000
0.77567	38.76400
0.77901	38.92800
0.78235	39.09100
0.78569	39.25500
0.78903	39.41800
0.79237	39.58200
0.79570	39.74600
0.79904	39.90900
0.80238	40.07300
0.80572	40.23600
0.80906	40.40000
0.81240	40.56400
0.81574	40.72700
0.81907	40.89100
0.82241	41.05400
0.82575	41.21800
0.82909	41.38200
0.83243	41.54500
0.83577	41.70900
0.83911	41.87200
0.84245	42.03600
0.84578	42.20000
0.84912	42.36300
0.85246	42.52700
0.85580	42.69000
0.85914	42.85400
0.86248	43.01700
0.86582	43.18100
0.86915	43.34500
0.87249	43.50800
0.87583	43.67200
0.87917	43.83500
0.88251	43.99900
0.88585	44.16300
0.88919	44.32600
0.89253	44.49000
0.89586	44.65300
0.89920	44.81700
0.90254	44.98100
0.90588	45.14400
0.90922	45.30800
0.91256	45.47100
0.91590	45.63500
0.91923	45.79900
0.92257	45.96200
0.92591	46.12600
0.92925	46.28900
0.93259	46.45300
0.93593	46.61700
0.93927	46.78000
0.94260	46.94400
0.94594	47.10700
0.94928	47.27100
0.95262	47.43500
0.95596	47.59800
0.95930	47.76200
0.96264	47.92500
0.96598	48.08900
0.96931	48.25300
0.97265	48.41600
0.97599	48.58000
0.97933	48.74300
0.98267	48.90700
0.98601	49.07100
0.98935	49.23400
0.99268	49.39800
0.99602	49.56100
0.99939	49.72500
1.00269	49.88900
1.00599	50.05200
1.00939	50.21600
1.01269	50.37900
1.01609	50.54300
1.01939	50.70700
1.02269	50.87000
1.02609	51.03400
1.02939	51.19700
1.03279	51.36100
1.03609	51.52400
1.03939	51.68800
1.04279	51.85200
1.04609	52.01500
1.04949	52.17900
1.05279	52.34200
1.05609	52.50600
1.05949	52.67000
1.06279	52.83300
1.06609	52.99700
1.06949	53.16000
1.07279	53.32400
1.07619	53.48800
1.07949	53.65100
1.08279	53.81500
1.08619	53.97800
1.08949	54.14200
1.09289	54.30600
1.09619	54.46900
1.09949	54.63300
1.10289	54.79600
1.10619	54.96000
1.10949	55.12400
1.11289	55.28700
1.11619	55.45100
1.11959	55.61400
1.12289	55.77800
1.12619	55.94200
1.12959	56.10500
1.13289	56.26900
1.13629	56.43200
1.13959	56.59600
1.14289	56.76000
1.14629	56.92300
1.14959	57.08700
1.15289	57.25000
1.15629	57.41400
1.15959	57.57800
1.16299	57.74100
1.16629	57.90500
1.16959	58.06800
1.17299	58.23200
1.17629	58.39600
1.17969	58.55900
1.18299	58.72300
1.18629	58.88600
1.18969	59.05000
1.19299	59.21300
1.19639	59.37700
1.19969	59.54100
1.20299	59.70400
1.20639	59.86800
1.20969	60.03100
1.21299	60.19500
1.21639	60.35900
1.21969	60.52200
1.22309	60.68600
1.22639	60.84900
1.22969	61.01300
1.23309	61.17700
1.23639	61.34000
1.23979	61.50400
1.24309	61.66700
1.24639	61.83100
1.24979	61.99500
1.25309	62.15800
1.25639	62.32200
1.25979	62.48500
1.26309	62.64900
1.26649	62.81300
1.26979	62.97600
1.27309	63.14000
1.27649	63.30300
1.27979	63.46700
1.28319	63.63100
1.28649	63.79400
1.28979	63.95800
1.29319	64.12100
1.29649	64.28500
1.29979	64.44900
1.30319	64.61200
1.30649	64.77600
1.30989	64.93900
1.31319	65.10300
1.31649	65.26700
1.31989	65.43000
1.32319	65.59400
1.32659	65.75700
1.32989	65.92100
1.33319	66.08500
1.33659	66.24800
1.33989	66.41200
1.34329	66.57500
1.34659	66.73900
1.34989	66.90200
1.35329	67.06400
1.35659	67.22600
1.35989	67.38800
1.36329	67.55000
1.36659	67.71100
1.36999	67.87300
1.37329	68.03500
1.37659	68.19700
1.37999	68.35900
1.38329	68.52100
1.38669	68.68300
1.38999	68.84500
1.39329	69.00700
1.39669	69.16900
1.39999	69.33100
1.40329	69.49200
1.40669	69.65400
1.40999	69.81600
1.41339	69.97800
1.41669	70.14000
1.41999	70.30200
1.42339	70.46400
1.42669	70.62600
1.43009	70.78800
1.43339	70.95000
1.43669	71.11200
1.44009	71.27300
1.44339	71.43500
1.44679	71.59700
1.45009	71.75900
1.45339	71.92100
1.45679	72.08300
1.46009	72.24500
1.46339	72.40700
1.46679	72.56900
1.47009	72.73100
1.47349	72.89300
1.47679	73.05400
1.48009	73.21600
1.48349	73.37800
1.48679	73.54000
1.49019	73.70200
1.49349	73.86400
1.49679	74.02600
1.50019	74.18800
1.50349	74.35000
1.50679	74.51200
1.51019	74.67300
1.51349	74.83500
1.51689	74.99700
1.52019	75.15900
1.52349	75.32100
1.52689	75.48300
1.53019	75.64500
1.53359	75.80700
1.53689	75.96900
1.54019	76.13100
1.54359	76.29300
1.54689	76.45400
1.55019	76.61600
1.55359	76.77800
1.55689	76.94000
1.56029	77.10200
1.56359	77.26400
1.56689	77.42600
1.57029	77.58800
1.57359	77.75000
1.57699	77.91200
1.58029	78.07400
1.58359	78.23500
1.58699	78.39700
1.59029	78.55900
1.59369	78.72100
1.59699	78.88300
1.60029	79.04500
1.60369	79.20700
1.60699	79.36900
1.61029	79.53100
1.61369	79.69300
1.61699	79.85500
1.62039	80.01600
1.62369	80.17800
1.62699	80.34000
1.63039	80.50200
1.63369	80.66400
1.63709	80.82600
1.64039	80.98800
1.64369	81.15000
1.64709	81.31200
1.65039	81.47400
1.65369	81.63600
1.65709	81.79700
1.66039	81.95900
1.66379	82.12100
1.66709	82.28300
1.67039	82.44500
1.67379	82.60700
1.67709	82.76900
1.68049	82.93100
1.68379	83.09300
1.68709	83.25500
1.69049	83.41700
1.69379	83.57800
1.69709	83.74000
1.70049	83.90200
1.70379	84.06400
1.70719	84.22600
1.71049	84.38800
1.71379	84.55000
1.71719	84.71200
1.72049	84.87400
1.72389	85.03600
1.72719	85.19800
1.73049	85.35900
1.73389	85.52100
1.73719	85.68300
1.74059	85.84500
1.74389	86.00700
1.74719	86.16900
1.75059	86.33100
1.75389	86.49300
1.75719	86.65500
1.76059	86.81700
1.76389	86.97800
1.76729	87.14000
1.77059	87.30200
1.77389	87.46400
1.77729	87.62600
1.78059	87.78800
1.78399	87.95000
1.78729	88.11200
1.79059	88.27400
1.79399	88.43600
1.79729	88.59800
1.80059	88.75900
1.80399	88.92100
1.80729	89.08300
1.81069	89.24500
1.81399	89.40700
1.81729	89.56900
1.82069	89.73100
1.82399	89.89300
1.82739	90.05500
1.83069	90.21700
1.83399	90.37900
1.83739	90.54000
1.84069	90.70200
1.84399	90.86400
1.84739	91.02600
1.85069	91.18800
1.85409	91.35000
1.85739	91.51200
1.86069	91.67400
1.86409	91.83600
1.86739	91.99800
1.87079	92.16000
1.87409	92.32100
1.87739	92.48300
1.88079	92.64500
1.88409	92.80700
1.88749	92.96900
1.89079	93.13100
1.89409	93.29300
1.89749	93.45500
1.90079	93.61700
1.90409	93.77900
1.90749	93.94100
1.91079	94.10200
1.91419	94.26400
1.91749	94.42600
1.92079	94.58800
1.92419	94.75000
1.92749	94.91200
1.93089	95.07400
1.93419	95.23600
1.93749	95.39800
1.94089	95.56000
1.94419	95.72200
1.94749	95.88300
1.95089	96.04500
1.95419	96.20700
1.95759	96.36900
1.96089	96.53100
1.96419	96.69300
1.96759	96.85500
1.97089	97.01700
1.97429	97.17900
1.97759	97.34100
1.98089	97.50200
1.98429	97.66400
1.98759	97.82600
1.99089	97.98800
1.99429	98.15000
1.99759	98.31200
2.00099	98.47400
2.00429	98.63600
2.00759	98.79800
2.01099	98.96000
2.01429	99.12200
2.01769	99.28300
2.02099	99.44500
2.02429	99.60700
2.02769	99.76900
2.03099	99.93100
2.03439	100.09000
2.03769	100.25000
2.04099	100.42000
2.04439	100.58000
2.04769	100.74000
2.05099	100.90000
2.05439	101.06000
2.05769	101.23000
2.06109	101.39000
2.06439	101.55000
2.06769	101.71000
2.07109	101.87000
2.07439	102.04000
2.07779	102.20000
2.08109	102.36000
2.08439	102.52000
2.08779	102.68000
2.09109	102.85000
2.09439	103.01000
2.09779	103.17000
2.10109	103.33000
2.10449	103.49000
2.10779	103.65000
2.11109	103.82000
2.11449	103.98000
2.11779	104.14000
2.12119	104.30000
2.12449	104.46000
2.12779	104.63000
2.13119	104.79000
2.13449	104.95000
2.13779	105.11000
2.14119	105.27000
2.14449	105.44000
2.14789	105.60000
2.15119	105.76000
2.15449	105.92000
2.15789	106.08000
2.16119	106.25000
2.16459	106.41000
2.16789	106.57000
2.17119	106.73000
2.17459	106.89000
2.17789	107.06000
2.18129	107.22000
2.18459	107.38000
2.18789	107.53000
2.19129	107.68000
2.19459	107.84000
2.19789	107.99000
2.20129	108.14000
2.20459	108.29000
2.20799	108.44000
2.21129	108.59000
2.21459	108.74000
2.21799	108.90000
2.22129	109.05000
2.22469	109.20000
2.22799	109.35000
2.23129	109.50000
2.23469	109.65000
2.23799	109.81000
2.24129	109.96000
2.24469	110.11000
2.24799	110.26000
2.25139	110.41000
2.25469	110.56000
2.25799	110.71000
2.26139	110.87000
2.26469	111.02000
2.26809	111.17000
2.27139	111.32000
2.27469	111.47000
2.27809	111.62000
2.28139	111.78000
2.28479	111.93000
2.28809	112.08000
2.29139	112.23000
2.29479	112.38000
2.29809	112.53000
2.30139	112.68000
2.30479	112.84000
2.30809	112.99000
2.31149	113.14000
2.31479	113.29000
2.31809	113.44000
2.32149	113.59000
2.32479	113.75000
2.32819	113.90000
2.33149	114.05000
2.33479	114.20000
2.33819	114.35000
2.34149	114.50000
2.34479	114.65000
2.34819	114.81000
2.35149	114.96000
2.35489	115.11000
2.35819	115.26000
2.36149	115.41000
2.36489	115.56000
2.36819	115.72000
2.37159	115.87000
2.37489	116.02000
2.37819	116.17000
2.38159	116.32000
2.38489	116.47000
2.38819	116.62000
2.39159	116.78000
2.39489	116.93000
2.39829	117.08000
2.40159	117.23000
2.40489	117.38000
2.40829	117.53000
2.41159	117.69000
2.41499	117.84000
2.41829	117.99000
2.42159	118.14000
2.42499	118.29000
2.42829	118.44000
2.43169	118.60000
2.43499	118.75000
2.43829	118.90000
2.44169	119.05000
2.44499	119.20000
2.44829	119.35000
2.45169	119.50000
2.45499	119.66000
2.45839	119.81000
2.46169	119.96000
2.46499	120.11000
2.46839	120.26000
2.47169	120.41000
2.47509	120.57000
2.47839	120.72000
2.48169	120.87000
2.48509	121.02000
2.48839	121.17000
2.49169	121.32000
2.49509	121.47000
2.49839	121.63000
2.50179	121.78000
2.50509	121.93000
2.50839	122.08000
2.51179	122.23000
2.51509	122.38000
2.51849	122.54000
2.52179	122.69000
2.52509	122.84000
2.52849	122.99000
2.53179	123.14000
2.53509	123.29000
2.53849	123.44000
2.54179	123.60000
2.54519	123.75000
2.54849	123.90000
2.55179	124.05000
2.55519	124.20000
2.55849	124.35000
2.56189	124.51000
2.56519	124.66000
2.56849	124.81000
2.57189	124.96000
2.57519	125.11000
2.57859	125.26000
2.58189	125.41000
2.58519	125.57000
2.58859	125.72000
2.59189	125.87000
2.59519	126.02000
2.59859	126.17000
2.60189	126.32000
2.60529	126.48000
2.60859	126.63000
2.61189	126.78000
2.61529	126.93000
2.61859	127.08000
2.62199	127.23000
2.62529	127.38000
2.62859	127.54000
2.63199	127.69000
2.63529	127.84000
2.63859	127.99000
2.64199	128.14000
2.64529	128.29000
2.64869	128.45000
2.65199	128.60000
2.65529	128.75000
2.65869	128.90000
2.66199	129.05000
2.66539	129.20000
2.66869	129.35000
2.67199	129.51000
2.67539	129.66000
2.67869	129.81000
2.68199	129.96000
2.68539	130.11000
2.68869	130.26000
2.69209	130.42000
2.69539	130.57000
2.69869	130.72000
2.70199	130.87000
2.70529	131.02000
2.70859	131.16000
2.71199	131.30000
2.71529	131.44000
2.71859	131.57000
2.72189	131.71000
2.72519	131.85000
2.72859	131.99000
2.73189	132.13000
2.73519	132.26000
2.73849	132.40000
2.74179	132.54000
2.74509	132.68000
2.74849	132.82000
2.75179	132.95000
2.75509	133.09000
2.75839	133.23000
2.76169	133.37000
2.76499	133.50000
2.76839	133.64000
2.77169	133.78000
2.77499	133.92000
2.77829	134.06000
2.78159	134.19000
2.78499	134.33000
2.78829	134.47000
2.79159	134.61000
2.79489	134.75000
2.79819	134.88000
2.80149	135.02000
2.80489	135.16000
2.80819	135.30000
2.81149	135.43000
2.81479	135.57000
2.81809	135.71000
2.82149	135.85000
2.82479	135.99000
2.82809	136.12000
2.83139	136.26000
2.83469	136.40000
2.83799	136.54000
2.84139	136.68000
2.84469	136.81000
2.84799	136.95000
2.85129	137.09000
2.85459	137.23000
2.85789	137.36000
2.86129	137.50000
2.86459	137.64000
2.86789	137.78000
2.87119	137.92000
2.87449	138.05000
2.87789	138.19000
2.88119	138.33000
2.88449	138.47000
2.88779	138.61000
2.89109	138.74000
2.89439	138.88000
2.89779	139.02000
2.90109	139.16000
2.90439	139.30000
2.90769	139.43000
2.91099	139.57000
2.91429	139.71000
2.91769	139.85000
2.92099	139.98000
2.92429	140.12000
2.92759	140.26000
2.93089	140.40000
2.93429	140.54000
2.93759	140.67000
2.94089	140.81000
2.94419	140.95000
2.94749	141.09000
2.95079	141.23000
2.95419	141.36000
2.95749	141.50000
2.96079	141.64000
2.96409	141.78000
2.96739	141.91000
2.97079	142.05000
2.97409	142.19000
2.97739	142.33000
2.98069	142.47000
2.98399	142.60000
2.98729	142.74000
2.99069	142.88000
2.99399	143.02000
2.99729	143.16000
3.00059	143.29000
3.00389	143.43000
3.00719	143.57000
3.01059	143.71000
3.01389	143.84000
3.01719	143.98000
3.02049	144.12000
3.02379	144.26000
3.02719	144.40000
3.03049	144.53000
3.03379	144.67000
3.03709	144.81000
3.04039	144.95000
3.04369	145.09000
3.04709	145.22000
3.05039	145.36000
3.05369	145.50000
3.05699	145.64000
3.06029	145.77000
3.06359	145.91000
3.06699	146.05000
3.07029	146.19000
3.07359	146.33000
3.07689	146.46000
3.08019	146.60000
3.08359	146.74000
3.08689	146.88000
3.09019	147.02000
3.09349	147.15000
3.09679	147.29000
3.10009	147.43000
3.10349	147.57000
3.10679	147.71000
3.11009	147.84000
3.11339	147.98000
3.11669	148.12000
3.12009	148.26000
3.12339	148.39000
3.12669	148.53000
3.12999	148.67000
3.13329	148.81000
3.13659	148.95000
3.13999	149.08000
3.14329	149.20000
3.14659	149.32000
3.14989	149.45000
3.15319	149.57000
3.15649	149.69000
3.15989	149.82000
3.16319	149.94000
3.16649	150.06000
3.16979	150.19000
3.17309	150.31000
3.17649	150.43000
3.17979	150.56000
3.18309	150.68000
3.18639	150.80000
3.18969	150.93000
3.19299	151.05000
3.19639	151.17000
3.19969	151.30000
3.20299	151.42000
3.20629	151.54000
3.20959	151.67000
3.21299	151.79000
3.21629	151.91000
3.21959	152.04000
3.22289	152.16000
3.22619	152.28000
3.22949	152.41000
3.23289	152.53000
3.23619	152.65000
3.23949	152.78000
3.24279	152.90000
3.24609	153.02000
3.24939	153.15000
3.25279	153.27000
3.25609	153.39000
3.25939	153.52000
3.26269	153.64000
3.26599	153.76000
3.26939	153.89000
3.27269	154.01000
3.27599	154.13000
3.27929	154.26000
3.28259	154.38000
3.28589	154.50000
3.28929	154.63000
3.29259	154.75000
3.29589	154.87000
3.29919	155.00000
3.30249	155.12000
3.30579	155.24000
3.30919	155.37000
3.31249	155.49000
3.31579	155.61000
3.31909	155.74000
3.32239	155.86000
3.32579	155.98000
3.32909	156.11000
3.33239	156.23000
3.33569	156.35000
3.33899	156.48000
3.34229	156.60000
3.34569	156.72000
3.34899	156.85000
3.35229	156.97000
3.35559	157.09000
3.35889	157.22000
3.36229	157.34000
3.36559	157.46000
3.36889	157.59000
3.37219	157.71000
3.37549	157.83000
3.37879	157.96000
3.38219	158.08000
3.38549	158.20000
3.38879	158.33000
3.39209	158.45000
3.39539	158.57000
3.39869	158.70000
3.40209	158.82000
3.40539	158.94000
3.40869	159.06000
3.41199	159.19000
3.41529	159.31000
3.41869	159.43000
3.42199	159.56000
3.42529	159.68000
3.42859	159.80000
3.43189	159.92000
3.43519	160.03000
3.43859	160.14000
3.44189	160.26000
3.44519	160.37000
3.44849	160.49000
3.45179	160.60000
3.45509	160.72000
3.45849	160.83000
3.46179	160.95000
3.46509	161.06000
3.46839	161.18000
3.47169	161.29000
3.47509	161.41000
3.47839	161.52000
3.48169	161.64000
3.48499	161.75000
3.48829	161.87000
3.49159	161.98000
3.49499	162.10000
3.49829	162.21000
3.50159	162.33000
3.50489	162.44000
3.50819	162.56000
3.51159	162.67000
3.51489	162.79000
3.51819	162.90000
3.52149	163.02000
3.52479	163.13000
3.52809	163.25000
3.53149	163.36000
3.53479	163.48000
3.53809	163.59000
3.54139	163.71000
3.54469	163.82000
3.54799	163.94000
3.55139	164.05000
3.55469	164.17000
3.55799	164.28000
3.56129	164.40000
3.56459	164.51000
3.56799	164.63000
3.57129	164.74000
3.57459	164.85000
3.57789	164.97000
3.58119	165.08000
3.58449	165.20000
3.58789	165.31000
3.59119	165.43000
3.59449	165.54000
3.59779	165.66000
3.60109	165.77000
3.60449	165.89000
3.60779	166.00000
3.61109	166.12000
3.61439	166.23000
3.61769	166.35000
3.62099	166.46000
3.62439	166.58000
3.62769	166.69000
3.63099	166.81000
3.63429	166.92000
3.63759	167.04000
3.64089	167.15000
3.64429	167.27000
3.64759	167.38000
3.65089	167.50000
3.65419	167.61000
3.65749	167.73000
3.66089	167.84000
3.66419	167.96000
3.66749	168.07000
3.67079	168.19000
3.67409	168.30000
3.67739	168.42000
3.68079	168.53000
3.68409	168.65000
3.68739	168.76000
3.69069	168.88000
3.69399	168.99000
3.69729	169.11000
3.70069	169.22000
3.70399	169.33000
3.70729	169.45000
3.71059	169.56000
3.71389	169.68000
3.71729	169.79000
3.72059	169.91000
3.72389	170.02000
3.72719	170.14000
3.73049	170.25000
3.73379	170.37000
3.73719	170.48000
3.74049	170.60000
3.74379	170.71000
3.74709	170.83000
3.75039	170.94000
3.75379	171.06000
3.75709	171.17000
3.76039	171.29000
3.76369	171.40000
3.76699	171.52000
3.77029	171.63000
3.77369	171.75000
3.77699	171.86000
3.78029	171.98000
3.78359	172.09000
3.78689	172.21000
3.79019	172.32000
3.79359	172.44000
3.79689	172.55000
3.80019	172.67000
3.80349	172.78000
3.80679	172.90000
3.81019	173.01000
3.81349	173.12000
3.81679	173.22000
3.82009	173.33000
3.82339	173.43000
3.82669	173.54000
3.83009	173.64000
3.83339	173.75000
3.83669	173.85000
3.83999	173.96000
3.84329	174.06000
3.84669	174.17000
3.84999	174.27000
3.85329	174.38000
3.85659	174.48000
3.85989	174.59000
3.86319	174.69000
3.86659	174.80000
3.86989	174.90000
3.87319	175.01000
3.87649	175.11000
3.87979	175.21000
3.88309	175.32000
3.88649	175.42000
3.88979	175.53000
3.89309	175.63000
3.89639	175.74000
3.89969	175.84000
3.90309	175.95000
3.90639	176.05000
3.90969	176.16000
3.91299	176.26000
3.91629	176.37000
3.91959	176.47000
3.92299	176.58000
3.92629	176.68000
3.92959	176.79000
3.93289	176.89000
3.93619	177.00000
3.93949	177.10000
3.94289	177.21000
3.94619	177.31000
3.94949	177.41000
3.95279	177.52000
3.95609	177.62000
3.95949	177.73000
3.96279	177.83000
3.96609	177.94000
3.96939	178.04000
3.97269	178.15000
3.97599	178.25000
3.97939	178.36000
3.98269	178.46000
3.98599	178.57000
3.98929	178.67000
3.99259	178.78000
3.99599	178.88000
3.99929	178.99000
4.00259	179.09000
4.00589	179.20000
4.00919	179.30000
4.01249	179.41000
4.01589	179.51000
4.01919	179.62000
4.02249	179.72000
4.02579	179.82000
4.02909	179.93000
4.03239	180.03000
4.03579	180.14000
4.03909	180.24000
4.04239	180.35000
4.04569	180.45000
4.04899	180.56000
4.05239	180.66000
4.05569	180.77000
4.05899	180.87000
4.06229	180.98000
4.06559	181.08000
4.06889	181.19000
4.07229	181.29000
4.07559	181.40000
4.07889	181.50000
4.08219	181.61000
4.08549	181.71000
4.08879	181.82000
4.09219	181.92000
4.09549	182.02000
4.09879	182.13000
4.10209	182.23000
4.10539	182.34000
4.10879	182.44000
4.11209	182.55000
4.11539	182.65000
4.11869	182.76000
4.12199	182.86000
4.12529	182.97000
4.12869	183.07000
4.13199	183.18000
4.13529	183.28000
4.13859	183.39000
4.14189	183.49000
4.14529	183.60000
4.14859	183.70000
4.15189	183.81000
4.15519	183.91000
4.15849	184.02000
4.16179	184.12000
4.16519	184.23000
4.16849	184.33000
4.17179	184.43000
4.17509	184.54000
4.17839	184.64000
4.18169	184.75000
4.18509	184.85000
4.18839	184.96000
4.19169	185.06000
4.19499	185.17000
4.19829	185.27000
4.20169	185.38000
4.20499	185.48000
4.20829	185.59000
4.21159	185.69000
4.21489	185.80000
4.21819	185.90000
4.22159	186.01000
4.22489	186.11000
4.22819	186.22000
4.23149	186.32000
4.23479	186.43000
4.23819	186.53000
4.24149	186.63000
4.24479	186.74000
4.24809	186.84000
4.25139	186.95000
4.25469	187.05000
4.25809	187.16000
4.26139	187.26000
4.26469	187.37000
4.26799	187.47000
4.27129	187.58000
4.27459	187.68000
4.27799	187.79000
4.28129	187.89000
4.28459	188.00000
4.28789	188.10000
4.29119	188.21000
4.29459	188.31000
4.29789	188.42000
4.30119	188.52000
4.30449	188.63000
4.30779	188.73000
4.31109	188.84000
4.31449	188.94000
4.31779	189.04000
4.32109	189.15000
4.32439	189.25000
4.32769	189.36000
4.33099	189.46000
4.33439	189.57000
4.33769	189.67000
4.34099	189.78000
4.34429	189.88000
4.34759	189.99000
4.35099	190.09000
4.35429	190.20000
4.35759	190.30000
4.36089	190.41000
4.36419	190.51000
4.36749	190.62000
4.37089	190.72000
4.37419	190.83000
4.37749	190.93000
4.38079	191.04000
4.38409	191.14000
4.38749	191.25000
4.39079	191.35000
4.39409	191.45000
4.39739	191.56000
4.40069	191.66000
4.40399	191.77000
4.40739	191.87000
4.41069	191.98000
4.41399	192.08000
4.41729	192.19000
4.42059	192.29000
4.42389	192.40000
4.42729	192.42000
4.43059	192.41000
4.43389	192.39000
4.43719	192.37000
4.44049	192.39000
4.44389	192.48000
4.44719	192.58000
4.45049	192.67000
4.45379	192.76000
4.45709	192.85000
4.46039	192.94000
4.46379	193.04000
4.46709	193.13000
4.47039	193.22000
4.47369	193.31000
4.47709	193.40000
4.48039	193.50000
4.48369	193.59000
4.48709	193.68000
4.49039	193.77000
4.49379	193.87000
4.49709	193.96000
4.50049	194.05000
4.50379	194.14000
4.50709	194.23000
4.51049	194.33000
4.51379	194.42000
4.51719	194.51000
4.52049	194.60000
4.52379	194.69000
4.52719	194.79000
4.53049	194.88000
4.53389	194.97000
4.53719	195.06000
4.54049	195.15000
4.54389	195.25000
4.54719	195.34000
4.55059	195.43000
4.55389	195.52000
4.55719	195.61000
4.56059	195.71000
4.56389	195.80000
4.56729	195.89000
4.57059	195.98000
4.57399	196.07000
4.57729	196.17000
4.58059	196.26000
4.58399	196.35000
4.58729	196.44000
4.59069	196.54000
4.59399	196.63000
4.59729	196.72000
4.60069	196.81000
4.60399	196.90000
4.60739	197.00000
4.61069	197.09000
4.61399	197.18000
4.61739	197.27000
4.62069	197.36000
4.62409	197.46000
4.62739	197.55000
4.63069	197.64000
4.63409	197.73000
4.63739	197.82000
4.64079	197.92000
4.64409	198.01000
4.64749	198.10000
4.65079	198.19000
4.65409	198.28000
4.65749	198.38000
4.66079	198.47000
4.66419	198.56000
4.66749	198.65000
4.67079	198.74000
4.67419	198.84000
4.67749	198.93000
4.68089	199.02000
4.68419	199.11000
4.68749	199.20000
4.69089	199.30000
4.69419	199.39000
4.69759	199.48000
4.70089	199.57000
4.70429	199.67000
4.70759	199.76000
4.71089	199.85000
4.71429	199.94000
4.71759	200.03000
4.72099	200.13000
4.72429	200.22000
4.72759	200.31000
4.73099	200.40000
4.73429	200.49000
4.73769	200.59000
4.74099	200.68000
4.74429	200.77000
4.74769	200.86000
4.75099	200.95000
4.75439	201.05000
4.75769	201.14000
4.76099	201.23000
4.76439	201.32000
4.76769	201.41000
4.77109	201.51000
4.77439	201.60000
4.77779	201.69000
4.78109	201.78000
4.78439	201.87000
4.78779	201.97000
4.79109	202.06000
4.79449	202.15000
4.79779	202.24000
4.80109	202.34000
4.80449	202.43000
4.80779	202.52000
4.81119	202.61000
4.81449	202.70000
4.81779	202.80000
4.82119	202.89000
4.82449	202.98000
4.82789	203.07000
4.83119	203.16000
4.83449	203.26000
4.83789	203.35000
4.84119	203.44000
4.84459	203.53000
4.84789	203.62000
4.85129	203.72000
4.85459	203.81000
4.85789	203.90000
4.86129	203.99000
4.86459	204.08000
4.86799	204.18000
4.87129	204.27000
4.87459	204.36000
4.87799	204.45000
4.88129	204.54000
4.88469	204.64000
4.88799	204.73000
4.89129	204.82000
4.89469	204.91000
4.89799	205.01000
4.90139	205.10000
4.90469	205.19000
4.90799	205.28000
4.91139	205.37000
4.91469	205.47000
4.91809	205.56000
4.92139	205.65000
4.92479	205.74000
4.92809	205.83000
4.93139	205.93000
4.93479	206.02000
4.93809	206.11000
4.94149	206.20000
4.94479	206.29000
4.94809	206.39000
4.95149	206.48000
4.95479	206.57000
4.95819	206.66000
4.96149	206.75000
4.96479	206.85000
4.96819	206.94000
4.97149	207.03000
4.97489	207.12000
4.97819	207.21000
4.98149	207.31000
4.98489	207.40000
4.98819	207.49000
4.99159	207.58000
4.99489	207.68000
4.99829	207.77000
5.00159	207.86000
5.00489	207.95000
5.00829	208.04000
5.01159	208.14000
5.01499	208.23000
5.01829	208.32000
5.02159	208.41000
5.02499	208.50000
5.02829	208.60000
5.03169	208.69000
5.03499	208.78000
5.03829	208.87000
5.04169	208.96000
5.04499	209.06000
5.04839	209.15000
5.05169	209.24000
5.05499	209.33000
5.05839	209.42000
5.06169	209.52000
5.06509	209.61000
5.06839	209.70000
5.07179	209.79000
5.07509	209.88000
5.07839	209.98000
5.08179	210.07000
5.08509	210.16000
5.08849	210.25000
5.09179	210.35000
5.09509	210.43000
5.09849	210.52000
5.10179	210.60000
5.10519	210.68000
5.10849	210.77000
5.11179	210.85000
5.11519	210.93000
5.11849	211.02000
5.12189	211.10000
5.12519	211.18000
5.12859	211.27000
5.13189	211.35000
5.13519	211.43000
5.13859	211.52000
5.14189	211.60000
5.14529	211.68000
5.14859	211.77000
5.15189	211.85000
5.15529	211.93000
5.15859	212.02000
5.16199	212.10000
5.16529	212.18000
5.16859	212.27000
5.17199	212.35000
5.17529	212.43000
5.17869	212.52000
5.18199	212.60000
5.18529	212.68000
5.18869	212.77000
5.19199	212.85000
5.19539	212.93000
5.19869	213.02000
5.20209	213.10000
5.20539	213.18000
5.20869	213.27000
5.21209	213.35000
5.21539	213.43000
5.21879	213.52000
5.22209	213.60000
5.22539	213.68000
5.22879	213.77000
5.23209	213.85000
5.23549	213.93000
5.23879	214.02000
5.24209	214.10000
5.24549	214.18000
5.24879	214.27000
5.25219	214.35000
5.25549	214.43000
5.25879	214.52000
5.26219	214.60000
5.26549	214.68000
5.26889	214.77000
5.27219	214.85000
5.27559	214.93000
5.27889	215.02000
5.28219	215.10000
5.28559	215.18000
5.28889	215.27000
5.29229	215.35000
5.29559	215.43000
5.29889	215.52000
5.30229	215.60000
5.30559	215.68000
5.30899	215.77000
5.31229	215.85000
5.31559	215.93000
5.31899	216.02000
5.32229	216.10000
5.32569	216.18000
5.32899	216.27000
5.33229	216.35000
5.33569	216.43000
5.33899	216.52000
5.34239	216.60000
5.34569	216.68000
5.34909	216.77000
5.35239	216.85000
5.35569	216.93000
5.35909	217.02000
5.36239	217.10000
5.36579	217.18000
5.36909	217.27000
5.37239	217.35000
5.37579	217.43000
5.37909	217.52000
5.38249	217.60000
5.38579	217.68000
5.38909	217.77000
5.39249	217.85000
5.39579	217.93000
5.39919	218.02000
5.40249	218.10000
5.40579	218.18000
5.40919	218.27000
5.41249	218.35000
5.41589	218.43000
5.41919	218.52000
5.42259	218.60000
5.42589	218.68000
5.42919	218.77000
5.43259	218.85000
5.43589	218.93000
5.43929	219.02000
5.44259	219.10000
5.44589	219.18000
5.44929	219.27000
5.45259	219.35000
5.45599	219.43000
5.45929	219.52000
5.46259	219.60000
5.46599	219.68000
5.46929	219.77000
5.47269	219.85000
5.47599	219.93000
5.47929	220.02000
5.48269	220.10000
5.48599	220.18000
5.48939	220.26000
5.49269	220.35000
5.49609	220.43000
5.49939	220.51000
5.50269	220.60000
5.50609	220.68000
5.50939	220.76000
5.51279	220.85000
5.51609	220.93000
5.51939	221.01000
5.52279	221.10000
5.52609	221.18000
5.52949	221.26000
5.53279	221.35000
5.53609	221.43000
5.53949	221.51000
5.54279	221.60000
5.54619	221.68000
5.54949	221.76000
5.55289	221.85000
5.55619	221.93000
5.55949	222.01000
5.56289	222.10000
5.56619	222.18000
5.56959	222.26000
5.57289	222.35000
5.57619	222.43000
5.57959	222.51000
5.58289	222.60000
5.58629	222.68000
5.58959	222.76000
5.59289	222.85000
5.59629	222.93000
5.59959	223.01000
5.60299	223.10000
5.60629	223.18000
5.60959	223.26000
5.61299	223.35000
5.61629	223.43000
5.61969	223.51000
5.62299	223.60000
5.62639	223.68000
5.62969	223.76000
5.63299	223.85000
5.63639	223.93000
5.63969	224.01000
5.64309	224.10000
5.64639	224.18000
5.64969	224.26000
5.65309	224.35000
5.65639	224.43000
5.65979	224.51000
5.66309	224.60000
5.66639	224.68000
5.66979	224.76000
5.67309	224.85000
5.67649	224.93000
5.67979	225.01000
5.68309	225.10000
5.68649	225.18000
5.68979	225.26000
5.69319	225.35000
5.69649	225.43000
5.69989	225.51000
5.70319	225.60000
5.70649	225.68000
5.70989	225.76000
5.71319	225.84000
5.71659	225.92000
5.71989	225.99000
5.72319	226.07000
5.72659	226.15000
5.72989	226.22000
5.73329	226.30000
5.73659	226.37000
5.73989	226.45000
5.74329	226.53000
5.74659	226.60000
5.74999	226.68000
5.75329	226.76000
5.75659	226.83000
5.75999	226.91000
5.76329	226.99000
5.76669	227.06000
5.76999	227.14000
5.77339	227.21000
5.77669	227.29000
5.77999	227.37000
5.78339	227.44000
5.78669	227.52000
5.79009	227.60000
5.79339	227.67000
5.79669	227.75000
5.80009	227.83000
5.80339	227.90000
5.80679	227.98000
5.81009	228.06000
5.81339	228.13000
5.81679	228.21000
5.82009	228.28000
5.82349	228.36000
5.82679	228.44000
5.83009	228.51000
5.83349	228.59000
5.83679	228.67000
5.84019	228.74000
5.84349	228.82000
5.84689	228.90000
5.85019	228.97000
5.85349	229.05000
5.85689	229.12000
5.86019	229.20000
5.86359	229.28000
5.86689	229.35000
5.87019	229.43000
5.87359	229.51000
5.87689	229.58000
5.88029	229.66000
5.88359	229.74000
5.88689	229.81000
5.89029	229.89000
5.89359	229.96000
5.89699	230.04000
5.90029	230.12000
5.90359	230.19000
5.90699	230.27000
5.91029	230.35000
5.91369	230.42000
5.91699	230.50000
5.92039	230.58000
5.92369	230.65000
5.92699	230.73000
5.93039	230.80000
5.93369	230.88000
5.93709	230.96000
5.94039	231.03000
5.94369	231.11000
5.94709	231.19000
5.95039	231.26000
5.95379	231.34000
5.95709	231.42000
5.96039	231.49000
5.96379	231.57000
5.96709	231.64000
5.97049	231.72000
5.97379	231.80000
5.97719	231.87000
5.98049	231.95000
5.98379	232.03000
5.98719	232.10000
5.99049	232.18000
5.99389	232.26000
5.99719	232.33000
6.00049	232.41000
6.00389	232.48000
6.00719	232.56000
6.01059	232.64000
6.01389	232.71000
6.01719	232.79000
6.02059	232.87000
6.02389	232.94000
6.02729	233.02000
6.03059	233.10000
6.03389	233.17000
6.03729	233.25000
6.04059	233.32000
6.04399	233.40000
6.04729	233.48000
6.05069	233.55000
6.05399	233.63000
6.05729	233.71000
6.06069	233.78000
6.06399	233.86000
6.06739	233.94000
6.07069	234.01000
6.07399	234.09000
6.07739	234.16000
6.08069	234.24000
6.08409	234.32000
6.08739	234.39000
6.09069	234.47000
6.09409	234.55000
6.09739	234.62000
6.10079	234.70000
6.10409	234.78000
6.10739	234.85000
6.11079	234.93000
6.11409	235.01000
6.11749	235.08000
6.12079	235.16000
6.12419	235.23000
6.12749	235.31000
6.13079	235.39000
6.13419	235.46000
6.13749	235.54000
6.14089	235.62000
6.14419	235.69000
6.14749	235.77000
6.15089	235.85000
6.15419	235.92000
6.15759	236.00000
6.16089	236.07000
6.16419	236.15000
6.16759	236.23000
6.17089	236.30000
6.17429	236.38000
6.17759	236.46000
6.18089	236.53000
6.18429	236.61000
6.18759	236.69000
6.19099	236.76000
6.19429	236.83000
6.19769	236.90000
6.20099	236.97000
6.20429	237.04000
6.20769	237.11000
6.21099	237.18000
6.21439	237.25000
6.21769	237.32000
6.22099	237.39000
6.22439	237.46000
6.22769	237.53000
6.23109	237.60000
6.23439	237.67000
6.23769	237.74000
6.24109	237.81000
6.24439	237.88000
6.24779	237.95000
6.25109	238.02000
6.25439	238.09000
6.25779	238.16000
6.26109	238.23000
6.26449	238.30000
6.26779	238.37000
6.27119	238.44000
6.27449	238.51000
6.27779	238.58000
6.28119	238.65000
6.28449	238.72000
6.28789	238.80000
6.29119	238.87000
6.29449	238.94000
6.29789	239.01000
6.30119	239.08000
6.30459	239.15000
6.30789	239.22000
6.31119	239.29000
6.31459	239.36000
6.31789	239.43000
6.32129	239.50000
6.32459	239.57000
6.32789	239.64000
6.33129	239.71000
6.33459	239.78000
6.33799	239.85000
6.34129	239.92000
6.34469	239.99000
6.34799	240.06000
6.35129	240.13000
6.35469	240.20000
6.35799	240.27000
6.36139	240.34000
6.36469	240.41000
6.36799	240.48000
6.37139	240.55000
6.37469	240.62000
6.37809	240.69000
6.38139	240.76000
6.38469	240.83000
6.38809	240.90000
6.39139	240.97000
6.39479	241.04000
6.39809	241.11000
6.40149	241.18000
6.40479	241.26000
6.40809	241.33000
6.41149	241.40000
6.41479	241.47000
6.41819	241.54000
6.42149	241.61000
6.42479	241.68000
6.42819	241.75000
6.43149	241.82000
6.43489	241.89000
6.43819	241.96000
6.44149	242.03000
6.44489	242.10000
6.44819	242.17000
6.45159	242.24000
6.45489	242.31000
6.45819	242.38000
6.46159	242.45000
6.46489	242.52000
6.46829	242.59000
6.47159	242.66000
6.47499	242.73000
6.47829	242.80000
6.48159	242.87000
6.48499	242.94000
6.48829	243.01000
6.49169	243.08000
6.49499	243.15000
6.49829	243.22000
6.50169	243.29000
6.50499	243.36000
6.50839	243.43000
6.51169	243.50000
6.51499	243.57000
6.51839	243.64000
6.52169	243.71000
6.52509	243.79000
6.52839	243.86000
6.53169	243.93000
6.53509	244.00000
6.53839	244.07000
6.54179	244.14000
6.54509	244.21000
6.54849	244.28000
6.55179	244.35000
6.55509	244.42000
6.55849	244.49000
6.56179	244.56000
6.56519	244.63000
6.56849	244.70000
6.57179	244.77000
6.57519	244.84000
6.57849	244.91000
6.58189	244.98000
6.58519	245.05000
6.58849	245.12000
6.59189	245.19000
6.59519	245.26000
6.59859	245.33000
6.60189	245.40000
6.60519	245.47000
6.60859	245.54000
6.61189	245.61000
6.61529	245.68000
6.61859	245.75000
6.62199	245.82000
6.62529	245.89000
6.62859	245.96000
6.63199	246.03000
6.63529	246.10000
6.63869	246.17000
6.64199	246.25000
6.64529	246.32000
6.64869	246.39000
6.65199	246.46000
6.65539	246.53000
6.65869	246.60000
6.66199	246.67000
6.66539	246.74000
6.66869	246.81000
6.67209	246.88000
6.67539	246.95000
6.67869	247.02000
6.68209	247.09000
6.68539	247.16000
6.68879	247.23000
6.69209	247.30000
6.69549	247.37000
6.69879	247.44000
6.70209	247.51000
6.70549	247.58000
6.70879	247.65000
6.71219	247.72000
6.71549	247.79000
6.71879	247.86000
6.72219	247.93000
6.72549	248.00000
6.72889	248.07000
6.73219	248.14000
6.73549	248.21000
6.73889	248.28000
6.74219	248.35000
6.74559	248.42000
6.74889	248.49000
6.75219	248.56000
6.75559	248.63000
6.75889	248.71000
6.76229	248.78000
6.76559	248.85000
6.76899	248.92000
6.77229	248.99000
6.77559	249.06000
6.77899	249.13000
6.78229	249.20000
6.78569	249.27000
6.78899	249.34000
6.79229	249.41000
6.79569	249.48000
6.79899	249.55000
6.80239	249.62000
6.80569	249.69000
6.80899	249.76000
6.81239	249.83000
6.81569	249.90000
6.81909	249.97000
6.82239	250.04000
6.82569	250.11000
6.82909	250.18000
6.83239	250.25000
6.83579	250.32000
6.83909	250.39000
6.84249	250.46000
6.84579	250.53000
6.84909	250.60000
6.85249	250.67000
6.85579	250.74000
6.85919	250.80000
6.86249	250.85000
6.86579	250.89000
6.86919	250.94000
6.87249	250.99000
6.87589	251.04000
6.87919	251.09000
6.88249	251.14000
6.88589	251.19000
6.88919	251.24000
6.89259	251.29000
6.89589	251.34000
6.89929	251.39000
6.90259	251.44000
6.90589	251.49000
6.90929	251.54000
6.91259	251.58000
6.91599	251.63000
6.91929	251.69000
6.92259	251.75000
6.92599	251.82000
6.92929	251.88000
6.93269	251.94000
6.93599	252.00000
6.93929	252.07000
6.94269	252.13000
6.94599	252.19000
6.94939	252.26000
6.95269	252.32000
6.95599	252.38000
6.95939	252.44000
6.96269	252.51000
6.96609	252.57000
6.96939	252.63000
6.97279	252.69000
6.97609	252.76000
6.97939	252.82000
6.98279	252.88000
6.98609	252.95000
6.98949	253.01000
6.99279	253.07000
6.99609	253.13000
6.99949	253.20000
7.00279	253.26000
7.00619	253.32000
7.00949	253.38000
7.01279	253.45000
7.01619	253.51000
7.01949	253.57000
7.02289	253.64000
7.02619	253.70000
7.02949	253.76000
7.03289	253.82000
7.03619	253.89000
7.03959	253.95000
7.04289	254.01000
7.04629	254.07000
7.04959	254.14000
7.05289	254.20000
7.05629	254.26000
7.05959	254.33000
7.06299	254.39000
7.06629	254.45000
7.06959	254.51000
7.07299	254.58000
7.07629	254.64000
7.07969	254.70000
7.08299	254.76000
7.08629	254.83000
7.08969	254.89000
7.09299	254.95000
7.09639	255.02000
7.09969	255.08000
7.10299	255.14000
7.10639	255.20000
7.10969	255.27000
7.11299	255.33000
7.11639	255.39000
7.11969	255.45000
7.12309	255.52000
7.12639	255.58000
7.12969	255.64000
7.13309	255.71000
7.13639	255.77000
7.13969	255.83000
7.14309	255.89000
7.14639	255.96000
7.14979	256.02000
7.15309	256.08000
7.15639	256.14000
7.15979	256.21000
7.16309	256.27000
7.16639	256.33000
7.16979	256.40000
7.17309	256.46000
7.17649	256.52000
7.17979	256.58000
7.18309	256.65000
7.18649	256.71000
7.18979	256.77000
7.19309	256.83000
7.19649	256.90000
7.19979	256.96000
7.20319	257.02000
7.20649	257.09000
7.20979	257.15000
7.21319	257.21000
7.21649	257.27000
7.21979	257.34000
7.22319	257.40000
7.22649	257.46000
7.22989	257.52000
7.23319	257.59000
7.23649	257.65000
7.23989	257.71000
7.24319	257.78000
7.24649	257.84000
7.24989	257.90000
7.25319	257.96000
7.25659	258.03000
7.25989	258.09000
7.26319	258.15000
7.26659	258.21000
7.26989	258.28000
7.27329	258.34000
7.27659	258.40000
7.27989	258.47000
7.28329	258.53000
7.28659	258.59000
7.28989	258.65000
7.29329	258.72000
7.29659	258.78000
7.29999	258.84000
7.30329	258.90000
7.30659	258.97000
7.30999	259.03000
7.31329	259.09000
7.31659	259.16000
7.31999	259.22000
7.32329	259.28000
7.32669	259.34000
7.32999	259.41000
7.33329	259.47000
7.33669	259.53000
7.33999	259.59000
7.34329	259.66000
7.34669	259.72000
7.34999	259.78000
7.35339	259.85000
7.35669	259.91000
7.35999	259.97000
7.36339	260.03000
7.36669	260.10000
7.36999	260.16000
7.37339	260.22000
7.37669	260.28000
7.38009	260.35000
7.38339	260.41000
7.38669	260.47000
7.39009	260.54000
7.39339	260.60000
7.39669	260.66000
7.40009	260.72000
7.40339	260.79000
7.40679	260.85000
7.41009	260.91000
7.41339	260.97000
7.41679	261.04000
7.42009	261.10000
7.42339	261.16000
7.42679	261.23000
7.43009	261.29000
7.43349	261.35000
7.43679	261.41000
7.44009	261.48000
7.44349	261.54000
7.44679	261.60000
7.45009	261.66000
7.45349	261.73000
7.45679	261.79000
7.46019	261.85000
7.46349	261.92000
7.46679	261.98000
7.47019	262.04000
7.47349	262.10000
7.47689	262.17000
7.48019	262.23000
7.48349	262.29000
7.48689	262.35000
7.49019	262.42000
7.49349	262.48000
7.49689	262.54000
7.50019	262.61000
7.50359	262.67000
7.50689	262.73000
7.51019	262.79000
7.51359	262.86000
7.51689	262.92000
7.52019	262.98000
7.52359	263.04000
7.52689	263.11000
7.53029	263.17000
7.53359	263.23000
7.53689	263.30000
7.54029	263.36000
7.54359	263.42000
7.54689	263.48000
7.55029	263.55000
7.55359	263.61000
7.55699	263.67000
7.56029	263.73000
7.56359	263.80000
7.56699	263.86000
7.57029	263.92000
7.57359	263.99000
7.57699	264.05000
7.58029	264.11000
7.58369	264.17000
7.58699	264.24000
7.59029	264.30000
7.59369	264.36000
7.59699	264.42000
7.60029	264.49000
7.60369	264.55000
7.60699	264.61000
7.61039	264.68000
7.61369	264.74000
7.61699	264.80000
7.62039	264.86000
7.62369	264.93000
7.62699	264.99000
7.63039	265.05000
7.63369	265.11000
7.63709	265.18000
7.64039	265.24000
7.64369	265.30000
7.64709	265.37000
7.65039	265.43000
7.65379	265.49000
7.65709	265.55000
7.66039	265.62000
7.66379	265.68000
7.66709	265.74000
7.67039	265.80000
7.67379	265.87000
7.67709	265.93000
7.68049	265.99000
7.68379	266.06000
7.68709	266.12000
7.69049	266.18000
7.69379	266.24000
7.69709	266.31000
7.70049	266.37000
7.70379	266.43000
7.70719	266.49000
7.71049	266.56000
7.71379	266.62000
7.71719	266.68000
7.72049	266.75000
7.72379	266.81000
7.72719	266.87000
7.73049	266.93000
7.73389	267.00000
7.73719	267.06000
7.74049	267.12000
7.74389	267.18000
7.74719	267.25000
7.75049	267.31000
7.75389	267.37000
7.75719	267.44000
7.76059	267.50000
7.76389	267.56000
7.76719	267.62000
7.77059	267.69000
7.77389	267.75000
7.77719	267.81000
7.78059	267.87000
7.78389	267.94000
7.78729	268.00000
7.79059	268.06000
7.79389	268.13000
7.79729	268.19000
7.80059	268.25000
7.80389	268.31000
7.80729	268.38000
7.81059	268.44000
7.81399	268.50000
7.81729	268.56000
7.82059	268.63000
7.82399	268.69000
7.82729	268.75000
7.83059	268.82000
7.83399	268.88000
7.83729	268.94000
7.84069	269.00000
7.84399	269.06000
7.84729	269.11000
7.85069	269.17000
7.85399	269.22000
7.85739	269.28000
7.86069	269.34000
7.86399	269.39000
7.86739	269.45000
7.87069	269.50000
7.87399	269.56000
7.87739	269.61000
7.88069	269.67000
7.88409	269.72000
7.88739	269.78000
7.89069	269.83000
7.89409	269.89000
7.89739	269.95000
7.90069	270.00000
7.90409	270.06000
7.90739	270.11000
7.91079	270.17000
7.91409	270.22000
7.91739	270.28000
7.92079	270.33000
7.92409	270.39000
7.92739	270.44000
7.93079	270.50000
7.93409	270.56000
7.93749	270.61000
7.94079	270.67000
7.94409	270.72000
7.94749	270.78000
7.95079	270.83000
7.95409	270.89000
7.95749	270.94000
7.96079	271.00000
7.96419	271.06000
7.96749	271.11000
7.97079	271.17000
7.97419	271.22000
7.97749	271.28000
7.98079	271.33000
7.98419	271.39000
7.98509	271.44000
7.98589	271.50000
7.98679	271.55000
7.98839	271.61000
7.99169	271.67000
7.99499	271.72000
7.99829	271.78000
8.00159	271.83000
8.00489	271.89000
8.00819	271.94000
8.01149	272.00000
8.01479	272.05000
8.01809	272.11000
8.02139	272.16000
8.02469	272.22000
8.02799	272.28000
8.03129	272.33000
8.03449	272.39000
8.03779	272.44000
8.04109	272.50000
8.04439	272.55000
8.04769	272.61000
8.05099	272.66000
8.05429	272.72000
8.05759	272.78000
8.06089	272.83000
8.06419	272.89000
8.06749	272.94000
8.07079	273.00000
8.07409	273.05000
8.07739	273.11000
8.08059	273.16000
8.08389	273.22000
8.08719	273.27000
8.09049	273.33000
8.09379	273.39000
8.09709	273.44000
8.10039	273.50000
8.10369	273.55000
8.10699	273.61000
8.11029	273.66000
8.11359	273.72000
8.11689	273.77000
8.12019	273.83000
8.12349	273.88000
8.12669	273.94000
8.12999	274.00000
8.13329	274.05000
8.13659	274.11000
8.13989	274.16000
8.14319	274.22000
8.14649	274.27000
8.14979	274.33000
8.15309	274.38000
8.15639	274.44000
8.15969	274.50000
8.16299	274.55000
8.16629	274.61000
8.16959	274.66000
8.17289	274.72000
8.17609	274.77000
8.17939	274.83000
8.18269	274.88000
8.18599	274.94000
8.18929	274.99000
8.19259	275.05000
8.19589	275.11000
8.19919	275.16000
8.20249	275.22000
8.20579	275.27000
8.20909	275.33000
8.21239	275.38000
8.21569	275.44000
8.21899	275.49000
8.22219	275.55000
8.22549	275.60000
8.22879	275.66000
8.23209	275.72000
8.23539	275.77000
8.23869	275.83000
8.24199	275.88000
8.24529	275.94000
8.24859	275.99000
8.25189	276.05000
8.25519	276.10000
8.25849	276.16000
8.26179	276.22000
8.26509	276.27000
8.26839	276.33000
8.27159	276.38000
8.27489	276.44000
8.27819	276.49000
8.28149	276.55000
8.28479	276.60000
8.28809	276.66000
8.29139	276.71000
8.29469	276.77000
8.29799	276.83000
8.30129	276.88000
8.30459	276.94000
8.30789	276.99000
8.31119	277.05000
8.31449	277.10000
8.31769	277.16000
8.32099	277.21000
8.32429	277.27000
8.32759	277.32000
8.33089	277.38000
8.33419	277.44000
8.33749	277.49000
8.34079	277.55000
8.34409	277.60000
8.34739	277.66000
8.35069	277.71000
8.35399	277.77000
8.35729	277.82000
8.36059	277.88000
8.36379	277.94000
8.36709	277.99000
8.37039	278.05000
8.37369	278.10000
8.37699	278.16000
8.38029	278.21000
8.38359	278.27000
8.38689	278.32000
8.39019	278.38000
8.39349	278.43000
8.39679	278.49000
8.40009	278.55000
8.40339	278.60000
8.40669	278.66000
8.40999	278.71000
8.41319	278.77000
8.41649	278.82000
8.41979	278.88000
8.42309	278.93000
8.42639	278.99000
8.42969	279.04000
8.43299	279.10000
8.43629	279.16000
8.43959	279.21000
8.44289	279.27000
8.44619	279.32000
8.44949	279.38000
8.45279	279.43000
8.45609	279.49000
8.45929	279.54000
8.46259	279.60000
8.46589	279.65000
8.46919	279.71000
8.47249	279.77000
8.47579	279.82000
8.47909	279.88000
8.48239	279.93000
8.48569	279.99000
8.48899	280.04000
8.49229	280.10000
8.49559	280.15000
8.49889	280.21000
8.50219	280.27000
8.50549	280.32000
8.50869	280.38000
8.51199	280.43000
8.51529	280.49000
8.51859	280.54000
8.52189	280.60000
8.52519	280.65000
8.52849	280.71000
8.53179	280.76000
8.53509	280.82000
8.53839	280.88000
8.54169	280.93000
8.54499	280.99000
8.54829	281.04000
8.55159	281.10000
8.55479	281.15000
8.55809	281.21000
8.56139	281.26000
8.56469	281.32000
8.56799	281.37000
8.57129	281.43000
8.57459	281.49000
8.57789	281.54000
8.58119	281.60000
8.58449	281.65000
8.58779	281.71000
8.59109	281.76000
8.59439	281.82000
8.59769	281.87000
8.60089	281.93000
8.60419	281.99000
8.60749	282.04000
8.61089	282.10000
8.61419	282.15000
8.61749	282.21000
8.62089	282.26000
8.62419	282.32000
8.62759	282.37000
8.63089	282.43000
8.63419	282.48000
8.63759	282.54000
8.64089	282.60000
8.64419	282.65000
8.64759	282.71000
8.65089	282.76000
8.65419	282.82000
8.65759	282.87000
8.66089	282.93000
8.66419	282.98000
8.66759	283.03000
8.67089	283.08000
8.67419	283.13000
8.67759	283.18000
8.68089	283.23000
8.68419	283.28000
8.68759	283.33000
8.69089	283.39000
8.69419	283.44000
8.69759	283.49000
8.70089	283.54000
8.70419	283.59000
8.70759	283.64000
8.71089	283.69000
8.71419	283.74000
8.71759	283.79000
8.72089	283.85000
8.72419	283.90000
8.72759	283.95000
8.73089	284.00000
8.73419	284.05000
8.73759	284.10000
8.74089	284.15000
8.74419	284.20000
8.74759	284.25000
8.75089	284.31000
8.75419	284.36000
8.75759	284.41000
8.76089	284.46000
8.76419	284.51000
8.76759	284.56000
8.77089	284.61000
8.77419	284.66000
8.77759	284.71000
8.78089	284.77000
8.78419	284.82000
8.78759	284.87000
8.79089	284.92000
8.79419	284.97000
8.79759	285.02000
8.80089	285.07000
8.80419	285.12000
8.80759	285.17000
8.81089	285.23000
8.81419	285.28000
8.81759	285.33000
8.82089	285.38000
8.82419	285.43000
8.82759	285.48000
8.83089	285.53000
8.83419	285.58000
8.83759	285.63000
8.84089	285.69000
8.84419	285.74000
8.84759	285.79000
8.85089	285.84000
8.85419	285.89000
8.85759	285.94000
8.86089	285.99000
8.86419	286.04000
8.86759	286.09000
8.87089	286.15000
8.87419	286.20000
8.87759	286.25000
8.88089	286.30000
8.88419	286.35000
8.88759	286.40000
8.89089	286.45000
8.89419	286.50000
8.89759	286.55000
8.90089	286.61000
8.90429	286.66000
8.90759	286.71000
8.91089	286.76000
8.91429	286.81000
8.91759	286.86000
8.92089	286.91000
8.92429	286.96000
8.92759	287.01000
8.93089	287.07000
8.93429	287.12000
8.93759	287.17000
8.94089	287.22000
8.94429	287.27000
8.94759	287.32000
8.95089	287.37000
8.95429	287.42000
8.95759	287.47000
8.96089	287.53000
8.96429	287.58000
8.96759	287.63000
8.97089	287.68000
8.97429	287.73000
8.97759	287.78000
8.98089	287.83000
8.98429	287.88000
8.98759	287.93000
8.99089	287.99000
8.99429	288.04000
8.99759	288.09000
9.00089	288.14000
9.00429	288.19000
9.00759	288.24000
9.01089	288.29000
9.01429	288.34000
9.01759	288.39000
9.02089	288.45000
9.02429	288.50000
9.02759	288.55000
9.03089	288.60000
9.03429	288.65000
9.03759	288.70000
9.04089	288.75000
9.04429	288.80000
9.04759	288.85000
9.05089	288.91000
9.05429	288.96000
9.05759	289.01000
9.06089	289.06000
9.06429	289.11000
9.06759	289.16000
9.07089	289.21000
9.07429	289.26000
9.07759	289.31000
9.08089	289.37000
9.08429	289.42000
9.08759	289.47000
9.09089	289.52000
9.09429	289.57000
9.09759	289.62000
9.10089	289.67000
9.10429	289.72000
9.10759	289.77000
9.11089	289.83000
9.11429	289.88000
9.11759	289.93000
9.12089	289.98000
9.12429	290.03000
9.12759	290.08000
9.13089	290.13000
9.13429	290.18000
9.13759	290.23000
9.14089	290.29000
9.14429	290.34000
9.14759	290.39000
9.15089	290.44000
9.15429	290.49000
9.15759	290.54000
9.16089	290.59000
9.16429	290.64000
9.16759	290.69000
9.17099	290.75000
9.17429	290.80000
9.17759	290.85000
9.18099	290.90000
9.18429	290.95000
9.18759	291.00000
9.19099	291.05000
9.19429	291.10000
9.19759	291.15000
9.20099	291.21000
9.20429	291.26000
9.20759	291.31000
9.21099	291.36000
9.21429	291.41000
9.21759	291.46000
9.22099	291.51000
9.22429	291.56000
9.22759	291.61000
9.23099	291.67000
9.23429	291.72000
9.23759	291.77000
9.24099	291.82000
9.24429	291.87000
9.24759	291.92000
9.25099	291.97000
9.25429	292.02000
9.25759	292.07000
9.26099	292.13000
9.26429	292.18000
9.26759	292.23000
9.27099	292.28000
9.27429	292.33000
9.27759	292.38000
9.28099	292.43000
9.28429	292.48000
9.28759	292.53000
9.29099	292.59000
9.29429	292.64000
9.29759	292.69000
9.30099	292.74000
9.30429	292.79000
9.30759	292.84000
9.31099	292.89000
9.31429	292.94000
9.31759	292.99000
9.32099	293.05000
9.32429	293.10000
9.32759	293.15000
9.33099	293.20000
9.33429	293.25000
9.33759	293.30000
9.34099	293.35000
9.34429	293.40000
9.34759	293.45000
9.35099	293.50000
9.35429	293.55000
9.35759	293.59000
9.36099	293.63000
9.36429	293.68000
9.36759	293.72000
9.37099	293.76000
9.37429	293.81000
9.37759	293.85000
9.38099	293.90000
9.38429	293.94000
9.38759	293.98000
9.39099	294.03000
9.39429	294.07000
9.39759	294.11000
9.40099	294.16000
9.40429	294.20000
9.40759	294.24000
9.41099	294.29000
9.41429	294.33000
9.41759	294.37000
9.42099	294.42000
9.42429	294.46000
9.42759	294.50000
9.43099	294.55000
9.43429	294.59000
9.43759	294.64000
9.44099	294.68000
9.44429	294.72000
9.44769	294.77000
9.45099	294.81000
9.45429	294.85000
9.45769	294.90000
9.46099	294.94000
9.46429	294.98000
9.46769	295.03000
9.47099	295.07000
9.47429	295.11000
9.47769	295.16000
9.48099	295.20000
9.48429	295.24000
9.48769	295.29000
9.49099	295.33000
9.49429	295.38000
9.49769	295.42000
9.50099	295.46000
9.50429	295.51000
9.50769	295.55000
9.51099	295.59000
9.51429	295.64000
9.51769	295.68000
9.52099	295.72000
9.52429	295.77000
9.52769	295.81000
9.53099	295.85000
9.53429	295.90000
9.53769	295.94000
9.54099	295.99000
9.54429	296.03000
9.54769	296.07000
9.55099	296.12000
9.55429	296.16000
9.55769	296.20000
9.56099	296.25000
9.56429	296.29000
9.56769	296.33000
9.57099	296.38000
9.57429	296.42000
9.57769	296.46000
9.58099	296.51000
9.58429	296.55000
9.58769	296.59000
9.59099	296.64000
9.59429	296.68000
9.59769	296.73000
9.60099	296.77000
9.60429	296.81000
9.60769	296.86000
9.61099	296.90000
9.61429	296.94000
9.61769	296.99000
9.62099	297.03000
9.62429	297.07000
9.62769	297.12000
9.63099	297.16000
9.63429	297.20000
9.63769	297.25000
9.64099	297.29000
9.64429	297.33000
9.64769	297.38000
9.65099	297.42000
9.65429	297.47000
9.65769	297.51000
9.66099	297.55000
9.66429	297.60000
9.66769	297.64000
9.67099	297.68000
9.67429	297.73000
9.67769	297.77000
9.68099	297.81000
9.68429	297.86000
9.68769	297.90000
9.69099	297.94000
9.69429	297.99000
9.69769	298.03000
9.70099	298.07000
9.70429	298.12000
9.70769	298.16000
9.71099	298.21000
9.71429	298.25000
9.71769	298.29000
9.72099	298.34000
9.72439	298.38000
9.72769	298.42000
9.73099	298.47000
9.73439	298.51000
9.73769	298.55000
9.74099	298.60000
9.74439	298.64000
9.74769	298.68000
9.75099	298.73000
9.75439	298.77000
9.75769	298.82000
9.76099	298.86000
9.76439	298.90000
9.76769	298.95000
9.77099	298.99000
9.77439	299.03000
9.77769	299.08000
9.78099	299.12000
9.78439	299.16000
9.78769	299.21000
9.79099	299.25000
9.79439	299.29000
9.79769	299.34000
9.80099	299.38000
9.80439	299.42000
9.80769	299.47000
9.81099	299.51000
9.81439	299.56000
9.81769	299.60000
9.82099	299.64000
9.82439	299.69000
9.82769	299.73000
9.83099	299.77000
9.83439	299.82000
9.83769	299.86000
9.84099	299.90000
9.84439	299.95000
9.84769	299.99000
9.85099	300.03000
9.85439	300.08000
9.85769	300.12000
9.86099	300.16000
9.86439	300.21000
9.86769	300.25000
9.87099	300.30000
9.87439	300.34000
9.87769	300.38000
9.88099	300.43000
9.88439	300.47000
9.88769	300.51000
9.89099	300.56000
9.89439	300.60000
9.89769	300.64000
9.90099	300.69000
9.90439	300.73000
9.90769	300.77000
9.91099	300.82000
9.91439	300.86000
9.91769	300.90000
9.92099	300.95000
9.92439	300.99000
9.92769	301.04000
9.93099	301.08000
9.93439	301.12000
9.93769	301.17000
9.94099	301.21000
9.94439	301.25000
9.94769	301.30000
9.95099	301.34000
9.95439	301.38000
9.95769	301.43000
9.96099	301.47000
9.96439	301.51000
9.96769	301.56000
9.97099	301.60000
9.97439	301.64000
9.97769	301.69000
9.98099	301.73000
9.98439	301.78000
9.98769	301.82000
9.99109	301.86000
9.99439	301.91000
9.99769	301.95000
10.00099	301.99000
10.00399	302.04000
10.00799	302.08000
10.01099	302.12000
10.01399	302.17000
10.01799	302.21000
10.02099	302.25000
10.02399	302.30000
10.02799	302.34000
10.03099	302.39000
10.03399	302.43000
10.03799	302.47000
10.04099	302.52000
10.04399	302.56000
10.04799	302.60000
10.05099	302.65000
10.05399	302.69000
10.05799	302.73000
10.06099	302.78000
10.06399	302.82000
10.06799	302.86000
10.07099	302.91000
10.07399	302.95000
10.07799	302.99000
10.08099	303.04000
10.08399	303.08000
10.08799	303.13000
10.09099	303.17000
10.09399	303.21000
10.09799	303.26000
10.10099	303.30000
10.10399	303.34000
10.10799	303.39000
10.11099	303.43000
10.11399	303.27000
10.11799	303.02000
10.12099	302.76000
10.12399	302.51000
10.12799	302.26000
10.13099	302.02000
10.13399	302.06000
10.13799	302.11000
10.14099	302.15000
10.14399	302.19000
10.14799	302.23000
10.15099	302.27000
10.15399	302.31000
10.15799	302.35000
10.16099	302.40000
10.16399	302.44000
10.16799	302.48000
10.17099	299.11000
10.17399	292.60000
10.17799	279.88000
10.18099	276.85000
10.18399	276.73000
10.18799	276.60000
10.19099	275.68000
10.19399	265.38000
10.19799	248.21000
10.20099	242.01000
10.20399	229.99000
10.20799	225.52000
10.21099	223.47000
10.21399	221.42000
10.21799	220.76000
10.22099	220.81000
10.22399	220.86000
10.22799	220.92000
10.23099	220.97000
10.23399	221.02000
10.23799	221.08000
10.24099	221.13000
10.24399	221.18000
10.24799	221.24000
10.25099	221.29000
10.25399	221.35000
10.25799	221.40000
10.26099	221.45000
10.26399	221.51000
10.26799	221.56000
10.27099	221.61000
10.27399	221.67000
10.27799	221.72000
10.28099	221.77000
10.28499	221.83000
10.28799	221.88000
10.29099	221.93000
10.29499	221.99000
10.29799	222.04000
10.30099	222.10000
10.30499	222.15000
10.30799	222.20000
10.31099	222.26000
10.31499	222.31000
10.31799	222.36000
10.32099	222.42000
10.32499	222.47000
10.32799	222.32000
10.33199	222.02000
10.33499	221.71000
10.33799	221.40000
10.34199	221.10000
10.34499	220.79000
10.34799	220.48000
10.35199	220.18000
10.35499	219.87000
10.35799	219.57000
10.36199	219.26000
10.36499	218.95000
10.36799	218.65000
10.37199	218.34000
10.37499	218.04000
10.37799	217.73000
10.38199	217.42000
10.38499	217.12000
10.38899	216.81000
10.39199	216.50000
10.39499	216.20000
10.39899	215.89000
10.40199	215.59000
10.40499	215.28000
10.40899	214.97000
10.41199	214.67000
10.41499	212.23000
10.41899	208.33000
10.42199	204.44000
10.42499	200.54000
10.42899	196.65000
10.43199	195.44000
10.43599	195.32000
10.43899	195.20000
10.44199	195.08000
10.44599	194.96000
10.44899	194.83000
10.45199	194.71000
10.45599	194.59000
10.45899	194.47000
10.46199	194.34000
10.46599	194.22000
10.46899	194.10000
10.47199	193.98000
10.47599	193.85000
10.47899	193.73000
10.48299	193.61000
10.48599	193.49000
10.48899	193.37000
10.49299	193.24000
10.49599	193.12000
10.49899	193.00000
10.50299	192.88000
10.50599	192.75000
10.50899	192.63000
10.51299	192.51000
10.51599	192.39000
10.51899	192.26000
10.52299	192.14000
10.52599	192.02000
10.52999	191.90000
10.53299	191.78000
10.53599	191.65000
10.53999	191.53000
10.54299	191.41000
10.54599	191.29000
10.54999	191.16000
10.55299	191.04000
10.55599	190.92000
10.55999	190.80000
10.56299	190.67000
10.56599	190.55000
10.56999	190.43000
10.57299	190.31000
10.57699	190.19000
10.57999	190.06000
10.58299	189.94000
10.58699	189.82000
10.58999	189.70000
10.59299	189.57000
10.59699	189.45000
10.59999	189.33000
10.60299	189.21000
10.60699	189.08000
10.60999	188.96000
10.61299	188.84000
10.61699	188.72000
10.61999	188.60000
10.62299	188.47000
10.62699	188.35000
10.62999	188.23000
10.63399	188.11000
10.63699	187.98000
10.63999	187.86000
10.64399	187.74000
10.64699	187.62000
10.64999	187.49000
10.65399	187.37000
10.65699	187.25000
10.65999	187.13000
10.66399	187.01000
10.66699	186.88000
10.66999	186.76000
10.67399	186.64000
10.67699	186.52000
10.68099	186.39000
10.68399	186.27000
10.68699	186.15000
10.69099	186.03000
10.69399	185.90000
10.69699	185.78000
10.70099	185.66000
10.70399	185.54000
10.70699	185.42000
10.71099	185.29000
10.71399	185.17000
10.71699	185.05000
10.72099	184.93000
10.72399	184.80000
10.72799	184.68000
10.73099	184.56000
10.73399	184.44000
10.73799	184.31000
10.74099	184.19000
10.74399	184.07000
10.74799	183.95000
10.75099	183.83000
10.75399	183.70000
10.75799	183.64000
10.76099	183.57000
10.76399	183.51000
10.76799	183.44000
10.77099	183.38000
10.77499	183.31000
10.77799	183.24000
10.78099	183.18000
10.78499	183.11000
10.78799	183.05000
10.79099	182.98000
10.79499	182.92000
10.79799	182.85000
10.80099	182.79000
10.80499	182.72000
10.80799	182.66000
10.81099	182.59000
10.81499	182.53000
10.81799	182.46000
10.82199	182.40000
10.82499	182.33000
10.82799	182.27000
10.83199	182.20000
10.83499	182.08000
10.83799	180.84000
10.84199	179.59000
10.84499	178.35000
10.84799	177.10000
10.85199	175.86000
10.85499	174.97000
10.85799	174.98000
10.86199	174.98000
10.86499	174.98000
10.86899	174.99000
10.87199	174.99000
10.87499	174.99000
10.87899	174.99000
10.88199	175.00000
10.88499	175.00000
10.88899	175.00000
10.89199	175.01000
10.89499	175.01000
10.89899	175.01000
10.90199	175.02000
10.90499	175.02000
10.90899	175.02000
10.91199	175.03000
10.91499	175.03000
10.91899	175.03000
10.92199	175.04000
10.92599	175.04000
10.92899	175.04000
10.93199	175.05000
10.93599	175.05000
10.93899	175.05000
10.94199	175.06000
10.94599	175.06000
10.94899	175.06000
10.95199	175.07000
10.95599	175.07000
10.95899	175.07000
10.96199	175.08000
10.96599	175.08000
10.96899	175.08000
10.97299	175.09000
10.97599	175.09000
10.97899	175.09000
10.98299	175.10000
10.98599	175.10000
10.98899	175.10000
10.99299	175.11000
10.99599	175.11000
10.99899	175.11000
11.00299	175.11000
11.00599	175.12000
11.00899	175.12000
11.01299	175.12000
11.01599	175.13000
11.01999	175.13000
11.02299	175.13000
11.02599	175.14000
11.02999	175.14000
11.03299	175.14000
11.03599	175.15000
11.03999	175.15000
11.04299	175.15000
11.04599	175.16000
11.04999	175.16000
11.05299	175.16000
11.05599	175.17000
11.05999	175.17000
11.06299	175.17000
11.06699	175.18000
11.06999	175.18000
11.07299	175.18000
11.07699	175.19000
11.07999	175.19000
11.08299	175.19000
11.08699	175.20000
11.08999	175.20000
11.09299	175.20000
11.09699	175.21000
11.09999	175.21000
11.10299	175.21000
11.10699	175.22000
11.10999	175.22000
11.11399	175.22000
11.11699	175.23000
11.11999	175.23000
11.12399	175.23000
11.12699	175.24000
11.12999	175.24000
11.13399	175.24000
11.13699	175.24000
11.13999	175.25000
11.14399	175.25000
11.14699	175.25000
11.14999	175.26000
11.15399	175.26000
11.15699	175.26000
11.15999	175.27000
11.16399	175.27000
11.16699	175.27000
11.17099	175.28000
11.17399	175.28000
11.17699	175.28000
11.18099	175.29000
11.18399	175.29000
11.18699	175.29000
11.19099	175.30000
11.19399	175.30000
11.19699	168.46000
11.20099	161.28000
11.20399	159.30000
11.20699	158.58000
11.21099	157.87000
11.21399	157.15000
11.21799	156.44000
11.22099	155.72000
11.22399	155.01000
11.22799	154.29000
11.23099	153.58000
11.23399	152.86000
11.23799	152.75000
11.24099	152.68000
11.24399	152.60000
11.24799	152.53000
11.25099	146.62000
11.25399	140.36000
11.25799	134.10000
11.26099	127.83000
11.26499	121.57000
11.26799	115.30000
11.27099	109.42000
11.27499	106.73000
11.27799	104.04000
11.28099	90.67500
11.28499	76.86600
11.28799	75.75200
11.29099	75.88900
11.29499	76.02500
11.29799	76.16100
11.30099	76.29800
11.30499	76.43400
11.30799	76.57000
11.31199	76.70700
11.31499	76.84300
11.31799	76.97900
11.32199	77.11600