0.00000	0.21446
0.00210	0.23944
0.00228	0.26442
0.00241	0.28939
0.00319	0.31437
0.00410	0.33935
0.00458	0.36432
0.00486	0.38930
0.00549	0.41428
0.00623	0.43925
0.00698	0.46423
0.00746	0.52025
0.00798	0.60000
0.00887	0.67976
0.00977	0.75952
0.01066	0.83927
0.01233	0.91903
0.01407	0.99879
0.01581	1.09370
0.01755	1.23560
0.01888	1.37750
0.02012	1.51940
0.02135	1.66130
0.02294	1.74190
0.02522	1.77400
0.02836	1.80620
0.03265	1.83830
0.03811	1.87050
0.04384	1.90260
0.04793	1.93470
0.04962	1.96690
0.05028	1.99900
0.05040	2.03120
0.05098	2.06330
0.05185	2.09540
0.05273	2.12760
0.05300	2.15970
0.05327	2.19190
0.05354	2.22400
0.05416	2.25610
0.05503	2.28830
0.05590	2.32040
0.05664	2.37300
0.05714	2.49460
0.05799	2.61610
0.05959	2.73770
0.06120	2.85930
0.06298	2.98080
0.06494	3.10240
0.06726	3.22390
0.07028	3.34550
0.07277	3.46710
0.07524	3.53500
0.07834	3.57560
0.08295	3.61610
0.08846	3.65660
0.09324	3.69720
0.09526	3.73770
0.09567	3.77830
0.09574	3.81880
0.09580	3.85930
0.09625	3.89990
0.09704	3.94040
0.09784	3.98100
0.09864	4.02150
0.09944	4.06200
0.10023	4.10260
0.10103	4.14310
0.10183	4.18370
0.10262	4.22420
0.10342	4.26470
0.10422	4.30530
0.10544	4.34580
0.10709	4.38640
0.10874	4.42690
0.11040	4.49330
0.11205	4.57540
0.11370	4.65750
0.11536	4.73960
0.11701	4.82170
0.11866	4.90380
0.12032	4.98590
0.12274	5.06800
0.12757	5.15020
0.13240	5.22120
0.13790	5.28280
0.14279	5.34450
0.14510	5.40610
0.14573	5.46780
0.14635	5.52940
0.14698	5.59110
0.14761	5.65270
0.14824	5.71440
0.14887	5.77600
0.14950	5.83770
0.15012	5.89930
0.15075	5.96100
0.15138	6.02260
0.15201	6.08430
0.15264	6.14590
0.15327	6.20760
0.15389	6.26920
0.15452	6.33090
0.15596	6.39150
0.15769	6.44460
0.15942	6.49760
0.16115	6.55060
0.16288	6.60370
0.16461	6.65670
0.16633	6.70970
0.17077	6.76280
0.17584	6.81580
0.18092	6.86890
0.18599	6.92190
0.19107	6.97490
0.19216	7.02800
0.19294	7.08100
0.19372	7.13410
0.19450	7.18710
0.19528	7.24010
0.19606	7.29320
0.19684	7.34620
0.19761	7.39930
0.19839	7.45230
0.19917	7.50530
0.19995	7.55840
0.20073	7.61140
0.20151	7.66440
0.20229	7.71750
0.20307	7.77050
0.20385	7.82360
0.20463	7.87660
0.20541	7.93750
0.20619	8.00940
0.20697	8.08140
0.20955	8.15330
0.21254	8.22530
0.21553	8.29730
0.21852	8.36920
0.22151	8.44120
0.22450	8.51320
0.22749	8.58510
0.23048	8.65710
0.23347	8.72900
0.23646	8.81800
0.23871	8.90710
0.23972	8.99620
0.24073	9.08540
0.24174	9.17450
0.24274	9.26360
0.24375	9.35270
0.24476	9.44180
0.24577	9.53100
0.24677	9.62010
0.24778	9.70920
0.24879	9.79830
0.24980	9.88750
0.25080	9.97660
0.25181	10.06600
0.25282	10.15500
0.25382	10.24400
0.25483	10.33300
0.25584	10.42200
0.25685	10.51100
0.25785	10.60000
0.25886	10.69000
0.26171	10.74200
0.26591	10.72400
0.27012	10.70500
0.27432	10.68700
0.27853	10.66900
0.28273	10.65000
0.28532	10.63200
0.28642	10.61400
0.28753	10.59500
0.28863	10.58500
0.28974	10.69100
0.29084	10.79600
0.29195	10.90100
0.29305	11.00700
0.29416	11.11200
0.29526	11.21700
0.29637	11.32300
0.29747	11.42800
0.29858	11.53300
0.29968	11.63900
0.30079	11.74400
0.30189	11.84900
0.30300	11.95500
0.30410	12.06000
0.30521	12.16500
0.30631	12.27100
0.30742	12.37600
0.30852	12.48100
0.30963	12.58700
0.31073	12.69200
0.31184	12.77700
0.31389	12.80700
0.31781	12.83700
0.32173	12.86700
0.32566	12.89700
0.32958	12.92800
0.33351	12.95800
0.33651	12.98800
0.33801	13.01800
0.33951	13.04800
0.34101	13.07800
0.34251	13.10800
0.34401	13.13900
0.34551	13.16900
0.34701	13.19900
0.34851	13.22900
0.35001	13.25900
0.35151	13.28900
0.35301	13.31900
0.35451	13.34900
0.35601	13.39300
0.35751	13.45200
0.35901	13.51200
0.36051	13.57100
0.36201	13.63100
0.36351	13.69000
0.36501	13.74900
0.36651	13.80900
0.36801	13.86800
0.36951	13.92800
0.37101	13.98700
0.37246	14.04700
0.37389	14.10600
0.37532	14.16600
0.37675	14.22500
0.37819	14.28400
0.37962	14.34400
0.38105	14.40300
0.38248	14.46300
0.38392	14.52200
0.38535	14.58200
0.38678	14.64100
0.38821	14.70000
0.38965	14.76000
0.39108	14.81900
0.39251	14.87900
0.39394	14.93800
0.39538	14.99800
0.39681	15.05700
0.39824	15.11600
0.39967	15.17600
0.40111	15.23400
0.40254	15.29000
0.40397	15.34500
0.40540	15.40000
0.40684	15.45500
0.40827	15.51000
0.40970	15.56600
0.41113	15.62100
0.41256	15.67600
0.41399	15.73100
0.41541	15.78700
0.41684	15.84200
0.41827	15.89700
0.41970	15.95200
0.42112	16.00700
0.42255	16.06300
0.42398	16.11800
0.42541	16.17300
0.42683	16.22800
0.42826	16.28300
0.42969	16.33900
0.43112	16.39400
0.43254	16.44900
0.43397	16.50400
0.43540	16.55900
0.43682	16.61500
0.43825	16.67000
0.43968	16.72500
0.44111	16.87000
0.44253	17.02700
0.44396	17.18500
0.44539	17.34200
0.44682	17.50000
0.44824	17.65500
0.44967	17.71800
0.45110	17.78100
0.45448	17.84400
0.46052	17.90700
0.46656	17.97000
0.47260	18.03200
0.47660	18.09500
0.47779	18.15800
0.47898	18.22100
0.48017	18.28400
0.48136	18.34700
0.48256	18.41000
0.48375	18.47300
0.48494	18.53600
0.48613	18.59900
0.48732	18.66200
0.48851	18.72500
0.48971	18.78800
0.49090	18.85000
0.49209	18.91300
0.49328	18.97600
0.49447	19.03900
0.49566	19.10200
0.49686	19.16500
0.49805	19.21700
0.49924	19.26900
0.50043	19.32100
0.50162	19.37300
0.50281	19.42500
0.50401	19.47800
0.50520	19.53000
0.50669	19.58200
0.50878	19.63400
0.51088	19.68600
0.51298	19.73800
0.51507	19.79000
0.51717	19.84200
0.51926	19.89400
0.52136	19.94600
0.52345	19.99900
0.52555	20.05100
0.52764	20.10300
0.52974	20.15500
0.53187	20.20700
0.53406	20.25900
0.53626	20.31100
0.53846	20.36300
0.54066	20.41500
0.54286	20.46700
0.54506	20.51900
0.54725	20.57200
0.54945	20.62400
0.55165	20.68300
0.55385	20.74300
0.55605	20.80300
0.55825	20.86200
0.56044	20.92200
0.56264	20.98200
0.56484	21.04100
0.56704	21.10100
0.56924	21.16100
0.57144	21.22000
0.57363	21.28000
0.57583	21.34000
0.57803	21.39900
0.58023	21.45900
0.58243	21.51900
0.58463	21.61300
0.58682	21.70900
0.58843	21.80500
0.58831	21.90100
0.58819	21.99700
0.58808	22.09300
0.58796	22.18900
0.58784	22.28500
0.58773	22.38100
0.58761	22.47700
0.58749	22.57300
0.58738	22.66900
0.58726	22.76500
0.58843	22.86100
0.59039	22.95700
0.59235	23.05300
0.59432	23.14900
0.59628	23.24500
0.59824	23.34100
0.60021	23.43700
0.60217	23.53300
0.60414	23.62300
0.60643	23.64900
0.61064	23.67500
0.61485	23.70200
0.61906	23.72800
0.62327	23.75400
0.62630	23.78000
0.62725	23.80600
0.62820	23.83200
0.62915	23.85800
0.63010	23.88500
0.63105	23.91100
0.63200	23.93700
0.63295	23.96300
0.63390	23.98900
0.63485	24.01500
0.63580	24.04200
0.63675	24.06800
0.63770	24.14900
0.63865	24.26600
0.63960	24.38300
0.64055	24.49900
0.64150	24.61600
0.64245	24.73300
0.64340	24.85000
0.64435	24.96600
0.64530	25.08300
0.64625	25.19000
0.64932	25.23500
0.65266	25.28000
0.65601	25.32500
0.65935	25.37000
0.66270	25.41500
0.66604	25.46000
0.66939	25.50600
0.67059	25.55100
0.67170	25.59600
0.67280	25.64100
0.67390	25.68600
0.67501	25.73100
0.67611	25.77600
0.67721	25.82100
0.67832	25.86600
0.67942	25.91100
0.68052	25.95600
0.68163	26.00200
0.68273	26.04700
0.68384	26.09200
0.68494	26.13700
0.68604	26.20200
0.68715	26.29100
0.68825	26.37900
0.68935	26.46800
0.69046	26.55600
0.69156	26.64500
0.69266	26.73400
0.69377	26.82200
0.69590	26.88600
0.70038	26.94800
0.70486	27.01100
0.70933	27.07300
0.71381	27.13600
0.71782	27.19800
0.71872	27.26100
0.71962	27.32300
0.72052	27.38600
0.72141	27.44800
0.72231	27.51100
0.72321	27.57300
0.72411	27.63600
0.72501	27.69800
0.72590	27.76100
0.72680	27.82300
0.72770	27.88600
0.72860	27.94800
0.72950	28.01100
0.73039	28.07400
0.73129	28.15200
0.73219	28.22900
0.73309	28.30700
0.73398	28.38500
0.73488	28.46300
0.73578	28.54100
0.73686	28.61900
0.74185	28.69700
0.74683	28.77500
0.75182	28.83700
0.75681	28.89400
0.76180	28.95100
0.76643	29.00800
0.76736	29.06500
0.76829	29.12200
0.76922	29.17900
0.77015	29.23600
0.77109	29.29300
0.77202	29.35000
0.77295	29.40700
0.77388	29.46400
0.77481	29.52100
0.77574	29.57800
0.77667	29.63500
0.77760	29.69200
0.77853	29.74900
0.77946	29.80600
0.78039	29.86300
0.78132	29.92000
0.78225	29.97600
0.78318	30.03300
0.78411	30.09000
0.78504	30.14700
0.78598	30.20400
0.78758	30.26100
0.79014	30.31800
0.79269	30.37500
0.79525	30.43200
0.79780	30.48900
0.80036	30.54600
0.80292	30.60300
0.80547	30.66000
0.80803	30.71700
0.81036	30.77400
0.81198	30.83100
0.81361	30.88800
0.81523	30.94500
0.81685	31.00100
0.81847	31.05800
0.82010	31.11500
0.82172	31.17200
0.82334	31.22900
0.82496	31.28600
0.82659	31.34300
0.82821	31.40000
0.82983	31.45700
0.83145	31.51600
0.83308	31.68300
0.83470	31.85000
0.83632	32.01700
0.83794	32.18400
0.83957	32.26000
0.84119	32.32800
0.84281	32.39700
0.84443	32.46500
0.84601	32.53400
0.84734	32.60200
0.84867	32.67100
0.85001	32.73900
0.85134	32.80800
0.85268	32.87600
0.85401	32.94500
0.85535	33.01300
0.85668	33.08200
0.85801	33.15000
0.85935	33.21900
0.86068	33.28700
0.86202	33.35600
0.86335	33.42400
0.86469	33.49300
0.86602	33.56100
0.86735	33.63000
0.86869	33.69800
0.87002	33.76700
0.87136	33.83500
0.87269	33.90400
0.87403	33.97100
0.87536	34.01900
0.87669	34.06700
0.87803	34.11500
0.87936	34.16200
0.88070	34.21000
0.88203	34.25800
0.88372	34.30600
0.88647	34.35400
0.88921	34.40200
0.89196	34.44900
0.89471	34.49700
0.89745	34.54500
0.90020	34.59300
0.90294	34.64100
0.90569	34.68900
0.90766	34.73600
0.90904	34.78400
0.91041	34.83200
0.91179	34.88000
0.91316	34.92800
0.91454	34.97600
0.91592	35.02300
0.91729	35.07100
0.91863	35.11900
0.92003	35.16700
0.92143	35.21500
0.92283	35.26800
0.92413	35.34500
0.92553	35.42200
0.92693	35.49800
0.92833	35.57500
0.92963	35.65100
0.93103	35.72800
0.93243	35.80500
0.93383	35.88100
0.93523	35.95800
0.93733	36.03400
0.93953	36.11100
0.94163	36.18700
0.94373	36.26400
0.94593	36.34100
0.94803	36.41700
0.95013	36.49300
0.95233	36.56900
0.95443	36.64500
0.95653	36.72200
0.95873	36.79800
0.96093	36.87400
0.96313	36.95000
0.96533	37.02600
0.96753	37.10200
0.96973	37.17900
0.97193	37.25500
0.97403	37.33100
0.97623	37.40700
0.97843	37.48300
0.98063	37.55900
0.98283	37.63600
0.98503	37.71200
0.98723	37.78800
0.98943	37.86400
0.99163	37.94000
0.99383	38.01700
0.99603	38.09300
0.99823	38.16900
1.00043	38.24500
1.00263	38.32100
1.00483	38.39700
1.00703	38.47400
1.00923	38.55000
1.01143	38.62400
1.01363	38.69000
1.01583	38.75600
1.01803	38.82200
1.02023	38.88800
1.02243	38.95400
1.02413	39.02100
1.02483	39.08700
1.02543	39.15300
1.02613	39.21900
1.02683	39.28500
1.02753	39.35100
1.02823	39.41700
1.02893	39.48300
1.02963	39.54900
1.03033	39.61500
1.03103	39.66900
1.03163	39.71700
1.03233	39.76500
1.03303	39.81300
1.03373	39.86000
1.03443	39.90800
1.03513	39.95600
1.03653	40.00400
1.03813	40.05200
1.03973	40.10000
1.04133	40.14700
1.04293	40.19500
1.04453	40.24300
1.04613	40.29100
1.04773	40.33900
1.04933	40.38600
1.05093	40.43400
1.05243	40.48200
1.05403	40.53000
1.05563	40.57800
1.05723	40.62500
1.05883	40.67300
1.06043	40.72100
1.06203	40.76900
1.06363	40.81700
1.06523	40.86500
1.06683	40.91200
1.06843	40.96000
1.07003	41.01000
1.07163	41.06900
1.07323	41.12800
1.07483	41.18700
1.07643	41.24600
1.07803	41.30500
1.07963	41.36400
1.08123	41.42300
1.08283	41.48200
1.08443	41.54100
1.08603	41.60000
1.08763	41.65900
1.08923	41.71800
1.09083	41.77700
1.09243	41.83600
1.09403	41.89500
1.09563	41.95400
1.09723	42.01300
1.09883	42.07200
1.10043	42.13100
1.10203	42.19000
1.10363	42.24900
1.10523	42.30800
1.10683	42.36700
1.10843	42.42600
1.11003	42.48500
1.11163	42.54400
1.11323	42.60300
1.11483	42.66200
1.11643	42.72300
1.11803	42.78400
1.11963	42.84600
1.12123	42.90700
1.12283	42.96800
1.12443	43.03000
1.12603	43.09100
1.12763	43.15200
1.12923	43.21400
1.13083	43.27500
1.13243	43.33600
1.13403	43.39800
1.13563	43.45900
1.13723	43.52000
1.13883	43.58200
1.14043	43.64300
1.14203	43.70400
1.14363	43.76600
1.14523	43.82700
1.14683	43.88800
1.14843	43.95000
1.15003	44.01100
1.15163	44.07200
1.15323	44.13400
1.15483	44.19500
1.15643	44.25600
1.15803	44.31800
1.15963	44.37900
1.16123	44.45400
1.16283	44.62200
1.16433	44.78900
1.16593	44.95700
1.16753	45.12500
1.16913	45.26700
1.17073	45.33000
1.17233	45.39400
1.17393	45.45800
1.17553	45.52200
1.17693	45.58500
1.17833	45.64900
1.17983	45.71300
1.18123	45.77600
1.18273	45.84000
1.18413	45.90400
1.18553	45.96700
1.18703	46.03100
1.18843	46.09500
1.18983	46.15800
1.19133	46.22200
1.19273	46.28600
1.19423	46.34900
1.19563	46.41300
1.19703	46.47700
1.19853	46.54000
1.19993	46.60400
1.20143	46.66800
1.20283	46.72100
1.20423	46.76900
1.20573	46.81800
1.20713	46.86700
1.20853	46.91500
1.21003	46.96400
1.21143	47.01200
1.21293	47.06100
1.21613	47.11000
1.22103	47.15800
1.22583	47.20700
1.23063	47.25500
1.23553	47.30400
1.23903	47.35200
1.24033	47.40100
1.24163	47.45000
1.24283	47.49800
1.24413	47.54700
1.24533	47.59500
1.24663	47.64400
1.24793	47.69300
1.24913	47.74100
1.25043	47.79000
1.25163	47.83800
1.25293	47.88700
1.25423	47.93500
1.25543	47.98400
1.25673	48.04100
1.25793	48.21200
1.25923	48.38400
1.26053	48.55500
1.26173	48.72700
1.26303	48.89800
1.26433	49.06900
1.26553	49.13800
1.26683	49.18500
1.26803	49.23200
1.27053	49.27800
1.27323	49.32500
1.27593	49.37200
1.27863	49.41800
1.28143	49.46500
1.28413	49.51100
1.28683	49.55800
1.28953	49.60500
1.29133	49.65100
1.29273	49.69800
1.29403	49.74400
1.29533	49.79100
1.29663	49.83800
1.29803	49.88400
1.29933	49.93100
1.30063	49.97800
1.30193	50.02400
1.30333	50.07100
1.30463	50.12700
1.30593	50.21100
1.30733	50.29600
1.30863	50.38100
1.30993	50.46500
1.31123	50.55000
1.31263	50.63500
1.31393	50.71900
1.31523	50.80400
1.31663	50.88900
1.31883	50.97300
1.32103	51.05100
1.32323	51.12400
1.32543	51.19700
1.32763	51.27000
1.32993	51.34300
1.33213	51.41600
1.33433	51.48900
1.33643	51.56200
1.33783	51.63500
1.33923	51.70800
1.34063	51.78100
1.34203	51.85400
1.34343	51.92700
1.34483	52.00000
1.34623	52.07200
1.34763	52.14500
1.34903	52.21800
1.35043	52.29100
1.35183	52.36400
1.35323	52.43700
1.35463	52.48400
1.35603	52.52700
1.35743	52.57100
1.35883	52.61400
1.36023	52.65700
1.36153	52.70000
1.36293	52.74400
1.36523	52.78700
1.36793	52.83000
1.37053	52.87300
1.37323	52.91700
1.37583	52.96000
1.37853	53.00300
1.38113	53.04600
1.38383	53.09000
1.38523	53.13300
1.38653	53.17600
1.38793	53.21900
1.38933	53.26300
1.39073	53.30600
1.39213	53.34900
1.39353	53.39200
1.39493	53.43600
1.39623	53.47900
1.39763	53.57100
1.39903	53.67100
1.40043	53.77100
1.40183	53.87100
1.40323	53.97100
1.40453	54.07100
1.40593	54.17100
1.40733	54.27100
1.40873	54.37100
1.41013	54.47100
1.41153	54.56000
1.41283	54.61000
1.41423	54.66100
1.41563	54.71200
1.41693	54.76200
1.41833	54.81300
1.41963	54.86300
1.42103	54.91400
1.42243	54.96500
1.42373	55.01500
1.42513	55.06600
1.42653	55.11600
1.42783	55.16700
1.42923	55.21700
1.43053	55.26800
1.43193	55.31900
1.43333	55.36900
1.43463	55.42000
1.43603	55.47000
1.43783	55.52100
1.44013	55.57200
1.44243	55.63100
1.44473	55.74200
1.44703	55.85300
1.44933	55.96400
1.45153	56.07500
1.45383	56.18600
1.45613	56.29700
1.45843	56.40800
1.46073	56.51900
1.46303	56.61300
1.46533	56.67700
1.46683	56.74100
1.46813	56.80500
1.46943	56.86900
1.47063	56.93300
1.47193	56.99600
1.47323	57.06000
1.47453	57.12400
1.47583	57.18800
1.47703	57.25200
1.47833	57.31600
1.47963	57.37900
1.48093	57.44300
1.48223	57.50700
1.48343	57.57100
1.48473	57.63500
1.48603	57.69900
1.48733	57.76200
1.48863	57.82600
1.48983	57.89000
1.49113	57.94000
1.49243	57.99100
1.49373	58.04200
1.49503	58.09300
1.49623	58.14300
1.49753	58.19400
1.49883	58.24500
1.50043	58.29600
1.50613	58.34700
1.51173	58.39700
1.51743	58.44800
1.52313	58.49900
1.52533	58.55000
1.52673	58.60000
1.52803	58.65100
1.52943	58.70200
1.53073	58.75300
1.53213	58.80300
1.53343	58.85400
1.53483	58.90500
1.53613	58.95600
1.53753	59.00700
1.53883	59.05700
1.54023	59.10800
1.54153	59.15900
1.54283	59.21000
1.54423	59.26000
1.54553	59.31100
1.54693	59.36200
1.54823	59.44100
1.54963	59.52900
1.55093	59.61700
1.55233	59.70400
1.55363	59.79200
1.55503	59.88000
1.55633	59.96800
1.55773	60.05600
1.55903	60.14400
1.56043	60.23100
1.56193	60.31900
1.56333	60.40600
1.56473	60.49100
1.56613	60.57700
1.56753	60.66200
1.56893	60.74800
1.57033	60.83300
1.57173	60.91800
1.57323	61.00400
1.57463	61.08900
1.57603	61.17500
1.57743	61.26000
1.57883	61.34500
1.58023	61.43100
1.58163	61.51600
1.58303	61.60200
1.58453	61.68700
1.58593	61.77200
1.58733	61.85800
1.58873	61.94300
1.59013	62.02900
1.59153	62.11400
1.59293	62.19900
1.59433	62.28500
1.59583	62.37000
1.59723	62.45600
1.59863	62.54100
1.60033	62.62700
1.60463	62.71200
1.60883	62.79600
1.61303	62.81600
1.61733	62.83500
1.62073	62.85500
1.62243	62.87500
1.62413	62.89500
1.62583	62.91500
1.62753	62.93400
1.62923	62.95400
1.63093	62.97400
1.63263	62.99400
1.63443	63.01400
1.63613	63.03400
1.63783	63.05300
1.63953	63.07300
1.64123	63.09600
1.64293	63.15400
1.64463	63.21200
1.64633	63.26900
1.64803	63.32700
1.64973	63.38500
1.65143	63.44300
1.65323	63.50000
1.65493	63.55800
1.65663	63.61600
1.65833	63.67300
1.66003	63.73100
1.66173	63.78900
1.66343	63.84700
1.66513	63.90400
1.66683	63.96200
1.66853	64.02000
1.67023	64.07700
1.67203	64.13500
1.67373	64.19300
1.67543	64.25100
1.67713	64.30800
1.67883	64.36600
1.68053	64.42400
1.68223	64.48200
1.68393	64.53900
1.68563	64.59700
1.68733	64.65500
1.68903	64.71200
1.69083	64.77000
1.69253	64.82800
1.69413	64.88600
1.69583	64.94400
1.69753	65.00700
1.69913	65.06900
1.70083	65.13200
1.70243	65.19400
1.70413	65.25700
1.70583	65.31900
1.70743	65.38200
1.70913	65.44400
1.71073	65.50700
1.71243	65.56900
1.71413	65.63200
1.71573	65.69400
1.71743	65.75700
1.71903	65.81900
1.72073	65.88200
1.72243	65.94400
1.72403	66.00700
1.72573	66.06900
1.72733	66.13200
1.72903	66.19400
1.73073	66.25700
1.73233	66.31900
1.73403	66.38200
1.73563	66.44400
1.73733	66.50700
1.73903	66.57000
1.74063	66.63200
1.74093	66.69500
1.74103	66.82300
1.74113	66.98600
1.74123	67.14800
1.74123	67.31100
1.74133	67.47400
1.74143	67.57200
1.74313	67.64100
1.74483	67.70900
1.74653	67.77700
1.74823	67.84500
1.74993	67.91400
1.75163	67.98200
1.75323	68.05000
1.75493	68.11800
1.75663	68.18700
1.75833	68.25500
1.76003	68.32300
1.76173	68.39100
1.76343	68.46000
1.76503	68.52800
1.76673	68.59600
1.76853	68.66500
1.77053	68.73300
1.77253	68.80100
1.77453	68.86900
1.77653	68.93800
1.77853	69.00600
1.78043	69.07400
1.78243	69.14200
1.78443	69.19100
1.78643	69.23800
1.78843	69.28600
1.79043	69.33300
1.79243	69.38100
1.79443	69.42800
1.79643	69.47500
1.79843	69.52300
1.80043	69.57000
1.80243	69.61800
1.80443	69.66500
1.80643	69.71300
1.80833	69.76000
1.81033	69.80700
1.81233	69.85500
1.81433	69.90200
1.81633	69.95000
1.81833	69.99700
1.82033	70.04500
1.82173	70.09200
1.82303	70.13900
1.82433	70.18700
1.82563	70.23400
1.82693	70.28200
1.82823	70.32900
1.82953	70.37700
1.83083	70.47100
1.83203	70.59600
1.83333	70.72200
1.83463	70.84800
1.83593	70.97400
1.83723	71.09900
1.83853	71.22500
1.83983	71.33700
1.84113	71.38500
1.84263	71.43300
1.84443	71.48100
1.84633	71.53000
1.84823	71.57800
1.85003	71.62600
1.85193	71.67400
1.85373	71.72200
1.85563	71.77100
1.85743	71.81900
1.85933	71.86700
1.86113	71.91500
1.86273	71.96300
1.86423	72.01100
1.86573	72.06000
1.86733	72.10800
1.86883	72.15600
1.87033	72.20400
1.87193	72.25200
1.87343	72.30100
1.87493	72.34900
1.87643	72.45600
1.87803	72.56400
1.87953	72.67100
1.88103	72.77900
1.88253	72.88700
1.88413	72.99500
1.88563	73.10200
1.88713	73.20500
1.88873	73.25300
1.89043	73.30100
1.89233	73.34800
1.89413	73.39600
1.89603	73.44400
1.89783	73.49200
1.89973	73.53900
1.90153	73.58700
1.90343	73.63500
1.90523	73.68300
1.90713	73.73000
1.90903	73.77800
1.91053	73.82600
1.91203	73.87400
1.91353	73.92100
1.91503	73.96900
1.91653	74.01700
1.91803	74.06500
1.91953	74.11200
1.92103	74.23200
1.92253	74.40900
1.92403	74.58600
1.92553	74.76300
1.92703	74.94000
1.92853	75.11700
1.93003	75.19000
1.93153	75.23700
1.93303	75.28500
1.93453	75.33200
1.93843	75.37900
1.94323	75.42700
1.94793	75.47400
1.95273	75.52100
1.95583	75.56900
1.95693	75.61600
1.95793	75.66300
1.95903	75.71100
1.96013	75.75800
1.96123	75.80500
1.96233	75.85200
1.96333	75.90000
1.96443	75.94700
1.96553	75.99400
1.96663	76.04200
1.96763	76.08900
1.96873	76.13600
1.96983	76.18400
1.97093	76.23900
1.97203	76.30100
1.97303	76.36300
1.97413	76.42400
1.97523	76.48600
1.97633	76.54800
1.97743	76.61000
1.97843	76.67200
1.97993	76.73300
1.98223	76.79500
1.98463	76.85700
1.98693	76.91900
1.98933	76.98100
1.99163	77.04300
1.99403	77.10400
1.99633	77.16600
1.99873	77.22800
2.00103	77.31300
2.00293	77.40000
2.00453	77.48700
2.00613	77.57300
2.00783	77.66000
2.00943	77.74700
2.01113	77.83300
2.01273	77.92000
2.01433	78.00700
2.01603	78.09300
2.01763	78.18000
2.01933	78.26700
2.02093	78.35300
2.02263	78.44000
2.02423	78.52700
2.02583	78.61300
2.02753	78.70000
2.02913	78.78700
2.03083	78.87300
2.03243	78.96000
2.03403	79.04700
2.03573	79.13300
2.03733	79.22000
2.03873	79.30700
2.03993	79.37500
2.04113	79.40600
2.04233	79.43800
2.04353	79.47000
2.04473	79.50200
2.04593	79.53300
2.04703	79.56500
2.04823	79.59700
2.04943	79.62800
2.05063	79.66000
2.05183	79.69200
2.05303	79.72400
2.05423	79.75500
2.05543	79.78700
2.05663	79.81900
2.05783	79.85300
2.05903	79.90500
2.06023	79.95700
2.06143	80.00900
2.06263	80.06100
2.06383	80.11300
2.06503	80.16500
2.06623	80.21700
2.06743	80.26900
2.06863	80.32100
2.07173	80.37300
2.07633	80.42600
2.08093	80.47800
2.08553	80.53000
2.09003	80.58200
2.09293	80.63400
2.09423	80.68600
2.09543	80.73800
2.09673	80.79000
2.09793	80.84200
2.09913	80.89400
2.10043	80.94600
2.10163	80.99800
2.10293	81.05000
2.10413	81.10200
2.10543	81.15400
2.10663	81.20600
2.10793	81.25800
2.10913	81.31000
2.11043	81.36200
2.11163	81.41400
2.11293	81.55800
2.11413	81.73200
2.11543	81.90600
2.11663	82.08000
2.11793	82.25400
2.11913	82.42700
2.12043	82.56600
2.12163	82.62300
2.12293	82.68100
2.12503	82.73800
2.12753	82.79600
2.13003	82.85400
2.13263	82.91100
2.13513	82.96900
2.13763	83.02700
2.14013	83.08400
2.14263	83.14200
2.14513	83.20000
2.14713	83.25700
2.14863	83.31500
2.15023	83.37300
2.15183	83.43000
2.15333	83.48800
2.15493	83.54500
2.15653	83.60300
2.15813	83.66100
2.15963	83.71800
2.16123	83.77600
2.16283	83.83400
2.16433	83.88900
2.16593	83.93700
2.16753	83.98500
2.16913	84.03400
2.17063	84.08200
2.17223	84.13000
2.17383	84.17800
2.17533	84.22600
2.17693	84.27500
2.17843	84.32300
2.17973	84.37100
2.18093	84.41900
2.18223	84.46800
2.18353	84.51600
2.18483	84.56400
2.18613	84.61200
2.18733	84.66000
2.18863	84.70900
2.18993	84.75700
2.19123	84.80500
2.19243	84.85300
2.19373	84.90200
2.19503	84.95000
2.19633	84.99800
2.19753	85.04600
2.19883	85.09400
2.20013	85.14300
2.20203	85.19100
2.20473	85.23900
2.20733	85.37500
2.21003	85.51600
2.21263	85.65600
2.21533	85.79700
2.21793	85.93700
2.22063	86.07700
2.22323	86.21800
2.22593	86.31300
2.22863	86.38200
2.23123	86.45000
2.23393	86.51900
2.23653	86.58800
2.23923	86.65700
2.24183	86.72600
2.24453	86.79500
2.24713	86.86400
2.24933	86.93300
2.25023	87.00200
2.25113	87.07100
2.25203	87.14000
2.25293	87.20900
2.25383	87.27800
2.25473	87.34700
2.25563	87.41600
2.25653	87.48400
2.25743	87.55300
2.25833	87.62200
2.25913	87.69100
2.26003	87.76000
2.26093	87.82900
2.26183	87.89800
2.26273	87.96700
2.26363	88.03600
2.26453	88.10500
2.26543	88.17400
2.26633	88.24300
2.26723	88.31200
2.26823	88.38100
2.26983	88.45000
2.27133	88.51800
2.27293	88.58700
2.27453	88.65600
2.27603	88.72500
2.27763	88.79400
2.27923	88.86300
2.28083	88.93200
2.28233	89.00100
2.28393	89.06500
2.28553	89.12900
2.28703	89.19300
2.28863	89.25700
2.29023	89.32100
2.29173	89.38500
2.29333	89.44900
2.29493	89.51300
2.29643	89.57700
2.29803	89.64100
2.29963	89.70500
2.30113	89.76900
2.30273	89.83100
2.30433	89.89300
2.30583	89.95500
2.30743	90.01600
2.30903	90.07800
2.31053	90.14000
2.31213	90.20200
2.31373	90.26300
2.31523	90.32500
2.31783	90.38700
2.32063	90.44800
2.32333	90.51000
2.32603	90.57200
2.32883	90.63300
2.33153	90.69500
2.33433	90.75700
2.33663	90.81800
2.33823	90.88000
2.33983	90.94200
2.34143	91.00400
2.34313	91.06500
2.34473	91.12700
2.34633	91.18900
2.34793	91.25000
2.34953	91.31200
2.35113	91.37400
2.35273	91.43500
2.35433	91.49700
2.35593	91.55900
2.35753	91.62100
2.35913	91.68200
2.36083	91.74400
2.36243	91.80600
2.36403	91.86700
2.36563	91.92900
2.36723	91.99100
2.36883	92.05200
2.37043	92.11400
2.37203	92.17600
2.37363	92.23700
2.37523	92.29900
2.37683	92.36100
2.37853	92.42300
2.38013	92.48400
2.38173	92.54600
2.38333	92.60800
2.38493	92.66900
2.38653	92.73100
2.38813	92.79300
2.38973	92.85400
2.39133	92.91600
2.39293	92.97800
2.39453	93.04000
2.39623	93.10100
2.39783	93.16300
2.39943	93.21700
2.40103	93.26400
2.40263	93.31100
2.40423	93.35900
2.40583	93.40600
2.40743	93.45300
2.40903	93.50000
2.41063	93.54800
2.41223	93.59500
2.41363	93.64200
2.41503	93.68900
2.41643	93.73700
2.41783	93.78400
2.41923	93.83100
2.42063	93.87800
2.42193	93.92600
2.42333	93.97300
2.42473	94.02000
2.42613	94.06700
2.42753	94.11500
2.42893	94.16200
2.43033	94.20900
2.43173	94.25600
2.43373	94.30400
2.43613	94.35100
2.43863	94.39800
2.44113	94.44500
2.44363	94.54300
2.44613	94.69300
2.44863	94.84200
2.45113	94.99100
2.45363	95.14100
2.45603	95.29000
2.45853	95.43900
2.46103	95.58900
2.46353	95.66100
2.46603	95.72200
2.46853	95.78400
2.47103	95.84600
2.47353	95.90800
2.47593	95.97000
2.47843	96.03100
2.48093	96.09300
2.48343	96.15500
2.48593	96.21700
2.48803	96.27800
2.48843	96.34000
2.48893	96.40200
2.48933	96.46400
2.48983	96.52500
2.49023	96.58700
2.49063	96.64900
2.49113	96.71100
2.49153	96.77200
2.49203	96.83400
2.49243	96.89600
2.49293	96.95800
2.49333	97.00600
2.49373	97.05200
2.49663	97.09900
2.49953	97.14500
2.50233	97.19200
2.50523	97.23900
2.50803	97.28500
2.51093	97.33200
2.51383	97.37800
2.51663	97.42500
2.51953	97.47200
2.52233	97.51800
2.52523	97.56500
2.52813	97.61100
2.53013	97.65800
2.53083	97.70500
2.53153	97.77200
2.53233	97.86000
2.53303	97.94700
2.53383	98.03400
2.53453	98.12200
2.53533	98.20900
2.53603	98.29600
2.53683	98.38400
2.53753	98.47100
2.53833	98.55800
2.53903	98.64600
2.53983	98.73300
2.54053	98.82000
2.54133	98.88100
2.54263	98.93500
2.54533	98.98900
2.54803	99.04400
2.55073	99.09800
2.55333	99.15300
2.55603	99.20700
2.55873	99.26100
2.56143	99.31600
2.56413	99.37000
2.56683	99.42500
2.56953	99.47900
2.57223	99.53400
2.57493	99.58800
2.57753	99.64200
2.57843	99.71600
2.57943	99.81000
2.58033	99.90300
2.58123	99.99700
2.58213	100.09000
2.58303	100.18000
2.58403	100.28000
2.58493	100.37000
2.58583	100.46000
2.58673	100.56000
2.58763	100.65000
2.58853	100.74000
2.58953	100.84000
2.59043	100.93000
2.59133	101.03000
2.59223	101.12000
2.59313	101.21000
2.59403	101.31000
2.59513	101.40000
2.59763	101.49000
2.60003	101.59000
2.60253	101.68000
2.60503	101.75000
2.60743	101.78000
2.60993	101.82000
2.61243	101.86000
2.61493	101.89000
2.61733	101.93000
2.61983	101.97000
2.62233	102.00000
2.62453	102.04000
2.62593	102.07000
2.62733	102.11000
2.62883	102.15000
2.63023	102.18000
2.63163	102.22000
2.63313	102.26000
2.63453	102.29000
2.63603	102.33000
2.63743	102.36000
2.63883	102.42000
2.64033	102.49000
2.64173	102.56000
2.64313	102.63000
2.64463	102.71000
2.64603	102.78000
2.64743	102.85000
2.64893	102.92000
2.65033	102.99000
2.65183	103.06000
2.65353	103.13000
2.65533	103.21000
2.65703	103.28000
2.65883	103.35000
2.66053	103.44000
2.66233	103.52000
2.66403	103.60000
2.66583	103.69000
2.66753	103.77000
2.66923	103.85000
2.67103	103.94000
2.67273	104.02000
2.67443	104.11000
2.67603	104.19000
2.67763	104.27000
2.67933	104.36000
2.68093	104.44000
2.68253	104.52000
2.68423	104.61000
2.68583	104.69000
2.68743	104.77000
2.68913	104.86000
2.69073	104.94000
2.69233	105.03000
2.69403	105.11000
2.69563	105.19000
2.69723	105.28000
2.69893	105.36000
2.70053	105.44000
2.70193	105.53000
2.70323	105.61000
2.70443	105.60000
2.70573	105.58000
2.70703	105.57000
2.70823	105.55000
2.70953	105.54000
2.71083	105.52000
2.71213	105.50000
2.71333	105.49000
2.71463	105.47000
2.71593	105.51000
2.71713	105.59000
2.71843	105.68000
2.71973	105.76000
2.72103	105.85000
2.72223	105.94000
2.72353	106.02000
2.72483	106.11000
2.72603	106.20000
2.72733	106.28000
2.72863	106.37000
2.72993	106.46000
2.73113	106.54000
2.73243	106.63000
2.73373	106.71000
2.73503	106.80000
2.73853	106.89000
2.74273	106.97000
2.74683	107.05000
2.75103	107.11000
2.75513	107.16000
2.75933	107.22000
2.76343	107.27000
2.76463	107.33000
2.76573	107.39000
2.76683	107.44000
2.76793	107.50000
2.76903	107.55000
2.77013	107.61000
2.77123	107.66000
2.77233	107.72000
2.77333	107.77000
2.77443	107.83000
2.77553	107.89000
2.77663	107.94000
2.77773	108.00000
2.77883	108.05000
2.77993	108.11000
2.78103	108.16000
2.78213	108.22000
2.78323	108.27000
2.78433	108.33000
2.78543	108.38000
2.78653	108.44000
2.78763	108.49000
2.78873	108.55000
2.79133	108.60000
2.79443	108.66000
2.79763	108.71000
2.80073	108.77000
2.80393	108.83000
2.80703	108.88000
2.81023	108.94000
2.81253	108.99000
2.81413	109.06000
2.81573	109.13000
2.81733	109.20000
2.81893	109.28000
2.82053	109.35000
2.82203	109.43000
2.82363	109.50000
2.82523	109.58000
2.82683	109.65000
2.82843	109.72000
2.83003	109.80000
2.83163	109.87000
2.83323	109.95000
2.83483	110.02000
2.83643	110.10000
2.83803	110.17000
2.83953	110.25000
2.84113	110.32000
2.84273	110.39000
2.84433	110.47000
2.84593	110.54000
2.84753	110.62000
2.84913	110.69000
2.85053	110.77000
2.85183	110.84000
2.85323	110.91000
2.85463	110.99000
2.85593	111.06000
2.85733	111.13000
2.85863	111.20000
2.86003	111.27000
2.86133	111.34000
2.86273	111.41000
2.86413	111.48000
2.86543	111.55000
2.86683	111.62000
2.86813	111.69000
2.86953	111.76000
2.87093	111.83000
2.87223	111.90000
2.87363	111.96000
2.87493	112.03000
2.87633	112.09000
2.87763	112.14000
2.87903	112.19000
2.88043	112.24000
2.88173	112.29000
2.88313	112.34000
2.88443	112.38000
2.88583	112.43000
2.88863	112.48000
2.89183	112.53000
2.89513	112.58000
2.89843	112.63000
2.90163	112.68000
2.90493	112.73000
2.90723	112.78000
2.90883	112.83000
2.91043	112.88000
2.91213	112.92000
2.91373	112.97000
2.91533	113.02000
2.91693	113.07000
2.91863	113.12000
2.92023	113.17000
2.92183	113.22000
2.92343	113.27000
2.92513	113.32000
2.92673	113.37000
2.92833	113.43000
2.93003	113.59000
2.93163	113.76000
2.93323	113.92000
2.93483	114.09000
2.93653	114.26000
2.93813	114.42000
2.93973	114.50000
2.94133	114.56000
2.94303	114.63000
2.94463	114.69000
2.94613	114.76000
2.94753	114.83000
2.94903	114.89000
2.95043	114.96000
2.95193	115.03000
2.95333	115.09000
2.95483	115.16000
2.95623	115.22000
2.95763	115.29000
2.95913	115.36000
2.96053	115.42000
2.96203	115.49000
2.96343	115.55000
2.96493	115.62000
2.96633	115.69000
2.96773	115.75000
2.96923	115.82000
2.97063	115.89000
2.97213	115.95000
2.97353	116.02000
2.97503	116.08000
2.97643	116.14000
2.97793	116.20000
2.97933	116.26000
2.98073	116.32000
2.98223	116.38000
2.98363	116.44000
2.98513	116.50000
2.98653	116.56000
2.98803	116.62000
2.98953	116.68000
2.99103	116.74000
2.99253	116.80000
2.99403	116.86000
2.99553	116.92000
2.99703	116.98000
2.99843	117.04000
2.99993	117.10000
3.00143	117.16000
3.00293	117.22000
3.00443	117.28000
3.00593	117.34000
3.00743	117.40000
3.00893	117.45000
3.01043	117.51000
3.01193	117.57000
3.01343	117.63000
3.01483	117.69000
3.01633	117.75000
3.01783	117.81000
3.01933	117.87000
3.02083	117.93000
3.02233	117.99000
3.02383	118.05000
3.02533	118.10000
3.02733	118.16000
3.03023	118.22000
3.03323	118.28000
3.03613	118.34000
3.03913	118.40000
3.04203	118.46000
3.04503	118.51000
3.04793	118.57000
3.04993	118.63000
3.05173	118.69000
3.05353	118.75000
3.05533	118.81000
3.05713	118.87000
3.05893	118.93000
3.06073	118.98000
3.06253	119.04000
3.06433	119.10000
3.06613	119.16000
3.06793	119.22000
3.06973	119.28000
3.07153	119.33000
3.07333	119.39000
3.07513	119.44000
3.07693	119.50000
3.07873	119.55000
3.08053	119.61000
3.08233	119.66000
3.08413	119.72000
3.08583	119.77000
3.08713	119.83000
3.08833	119.88000
3.08953	119.94000
3.09083	119.99000
3.09203	120.05000
3.09323	120.10000
3.09443	120.16000
3.09573	120.21000
3.09693	120.27000
3.09813	120.32000
3.09943	120.38000
3.10063	120.43000
3.10183	120.49000
3.10303	120.54000
3.10433	120.60000
3.10553	120.65000
3.10673	120.71000
3.10793	120.76000
3.10923	120.92000
3.11043	121.12000
3.11163	121.32000
3.11293	121.52000
3.11413	121.65000
3.11533	121.70000
3.11653	121.76000
3.11783	121.81000
3.12093	121.86000
3.12433	121.91000
3.12773	121.96000
3.13123	122.01000
3.13463	122.06000
3.13813	122.11000
3.14083	122.16000
3.14203	122.21000
3.14323	122.26000
3.14443	122.31000
3.14563	122.36000
3.14683	122.41000
3.14803	122.46000
3.14923	122.51000
3.15043	122.57000
3.15163	122.62000
3.15283	122.67000
3.15403	122.72000
3.15523	122.77000
3.15643	122.82000
3.15763	122.87000
3.15883	122.94000
3.16003	123.06000
3.16123	123.18000
3.16243	123.30000
3.16363	123.42000
3.16483	123.54000
3.16603	123.66000
3.16723	123.77000
3.16843	123.84000
3.17373	123.90000
3.17973	123.96000
3.18563	124.03000
3.19153	124.09000
3.19443	124.15000
3.19523	124.22000
3.19593	124.28000
3.19673	124.34000
3.19743	124.41000
3.19813	124.47000
3.19893	124.53000
3.19963	124.60000
3.20033	124.66000
3.20113	124.72000
3.20183	124.79000
3.20263	124.85000
3.20333	124.91000
3.20403	124.98000
3.20483	125.04000
3.20553	125.10000
3.20633	125.15000
3.20703	125.20000
3.20773	125.25000
3.20853	125.30000
3.20923	125.34000
3.20993	125.39000
3.21333	125.44000
3.21773	125.49000
3.22213	125.53000
3.22653	125.58000
3.23093	125.63000
3.23533	125.67000
3.23963	125.72000
3.24203	125.77000
3.24293	125.82000
3.24373	125.86000
3.24463	125.91000
3.24553	125.96000
3.24643	126.01000
3.24733	126.05000
3.24813	126.10000
3.24903	126.15000
3.24993	126.20000
3.25083	126.24000
3.25173	126.29000
3.25263	126.34000
3.25343	126.38000
3.25433	126.43000
3.25523	126.48000
3.25613	126.60000
3.25703	126.73000
3.25783	126.87000
3.25873	127.00000
3.25963	127.13000
3.26053	127.27000
3.26143	127.40000
3.26233	127.54000
3.26483	127.64000
3.26813	127.70000
3.27143	127.77000
3.27483	127.84000
3.27813	127.91000
3.28143	127.97000
3.28473	128.04000
3.28813	128.11000
3.29063	128.17000
3.29173	128.24000
3.29283	128.31000
3.29393	128.38000
3.29513	128.44000
3.29623	128.51000
3.29733	128.58000
3.29843	128.65000
3.29963	128.71000
3.30073	128.78000
3.30183	128.85000
3.30293	128.92000
3.30413	128.98000
3.30523	129.05000
3.30633	129.10000
3.30743	129.15000
3.30863	129.19000
3.30973	129.24000
3.31083	129.29000
3.31193	129.33000
3.31343	129.38000
3.31633	129.43000
3.31923	129.47000
3.32213	129.52000
3.32503	129.57000
3.32793	129.62000
3.33093	129.66000
3.33383	129.71000
3.33663	129.76000
3.33803	129.80000
3.33953	129.85000
3.34093	129.90000
3.34233	129.94000
3.34383	129.99000
3.34523	130.04000
3.34663	130.08000
3.34813	130.13000
3.34953	130.18000
3.35093	130.22000
3.35243	130.27000
3.35383	130.32000
3.35523	130.37000
3.35663	130.42000
3.35813	130.48000
3.35953	130.53000
3.36093	130.59000
3.36243	130.64000
3.36383	130.69000
3.36523	130.75000
3.36673	130.80000
3.36803	130.86000
3.36933	130.91000
3.37063	130.96000
3.37193	131.02000
3.37323	131.07000
3.37453	131.13000
3.37583	131.18000
3.37713	131.24000
3.37843	131.29000
3.37973	131.34000
3.38103	131.40000
3.38233	131.45000
3.38363	131.51000
3.38493	131.56000
3.38623	131.61000
3.38753	131.67000
3.38883	131.72000
3.39013	131.78000
3.39143	131.83000
3.39273	131.89000
3.39403	132.07000
3.39533	132.30000
3.39663	132.53000
3.39793	132.76000
3.39923	132.96000
3.40053	133.01000
3.40183	133.06000
3.40313	133.10000
3.40733	133.15000
3.41383	133.20000
3.42043	133.25000
3.42693	133.29000
3.43253	133.34000
3.43343	133.39000
3.43433	133.44000
3.43523	133.48000
3.43603	133.53000
3.43693	133.58000
3.43783	133.63000
3.43873	133.68000
3.43963	133.72000
3.44053	133.77000
3.44143	133.82000
3.44223	133.87000
3.44313	133.91000
3.44403	133.96000
3.44493	134.01000
3.44583	134.06000
3.44673	134.10000
3.44763	134.16000
3.44843	134.22000
3.44933	134.28000
3.45023	134.35000
3.45113	134.41000
3.45203	134.47000
3.45293	134.53000
3.45543	134.59000
3.45863	134.65000
3.46173	134.71000
3.46493	134.77000
3.46803	134.83000
3.47123	134.89000
3.47433	134.95000
3.47723	135.01000
3.47863	135.07000
3.47993	135.13000
3.48133	135.21000
3.48263	135.29000
3.48403	135.37000
3.48533	135.46000
3.48663	135.54000
3.48803	135.62000
3.48933	135.71000
3.49073	135.79000
3.49203	135.87000
3.49343	135.96000
3.49473	136.04000
3.49613	136.12000
3.49743	136.21000
3.49873	136.29000
3.50013	136.37000
3.50143	136.46000
3.50283	136.54000
3.50413	136.62000
3.50553	136.71000
3.50683	136.79000
3.50863	136.87000
3.51093	136.96000
3.51323	137.04000
3.51553	137.12000
3.51773	137.19000
3.52003	137.27000
3.52233	137.35000
3.52463	137.42000
3.52693	137.50000
3.52923	137.57000
3.53113	137.65000
3.53293	137.73000
3.53473	137.80000
3.53663	137.88000
3.53843	137.96000
3.54023	138.03000
3.54213	138.11000
3.54393	138.18000
3.54573	138.26000
3.54763	138.34000
3.54943	138.41000
3.55123	138.49000
3.55313	138.55000
3.55493	138.59000
3.55683	138.63000
3.55863	138.67000
3.56043	138.72000
3.56233	138.76000
3.56413	138.80000
3.56593	138.84000
3.56743	138.88000
3.56853	138.92000
3.56973	138.97000
3.57083	139.01000
3.57203	139.05000
3.57313	139.09000
3.57423	139.13000
3.57543	139.17000
3.57653	139.22000
3.57773	139.26000
3.57883	139.30000
3.58003	139.34000
3.58113	139.38000
3.58233	139.43000
3.58343	139.47000
3.58463	139.51000
3.58573	139.55000
3.58693	139.59000
3.58803	139.64000
3.58923	139.71000
3.59033	139.77000
3.59153	139.84000
3.59263	139.90000
3.59383	139.97000
3.59493	140.04000
3.59613	140.10000
3.59753	140.17000
3.59943	140.24000
3.60143	140.30000
3.60333	140.37000
3.60533	140.43000
3.60723	140.50000
3.60913	140.57000
3.61113	140.63000
3.61303	140.70000
3.61503	140.77000
3.61693	140.83000
3.61893	140.90000
3.62083	140.96000
3.62283	141.03000
3.62503	141.10000
3.62723	141.16000
3.62943	141.23000
3.63163	141.30000
3.63383	141.36000
3.63603	141.43000
3.63833	141.49000
3.64053	141.60000
3.64273	141.70000
3.64493	141.81000
3.64713	141.92000
3.64933	142.03000
3.65153	142.13000
3.65383	142.24000
3.65603	142.34000
3.65823	142.41000
3.66043	142.49000
3.66263	142.57000
3.66483	142.65000
3.66703	142.73000
3.66933	142.81000
3.67153	142.89000
3.67373	142.97000
3.67593	143.05000
3.67813	143.13000
3.67923	143.20000
3.68033	143.28000
3.68143	143.36000
3.68253	143.44000
3.68353	143.52000
3.68463	143.60000
3.68573	143.68000
3.68683	143.76000
3.68793	143.84000
3.68893	143.92000
3.69003	144.00000
3.69113	144.07000
3.69223	144.15000
3.69333	144.23000
3.69433	144.31000
3.69543	144.39000
3.69653	144.47000
3.69763	144.51000
3.69893	144.52000
3.70023	144.52000
3.70153	144.53000
3.70293	144.53000
3.70423	144.54000
3.70553	144.54000
3.70683	144.54000
3.70813	144.55000
3.70943	144.55000
3.71083	144.56000
3.71213	144.56000
3.71343	144.59000
3.71473	144.70000
3.71603	144.81000
3.71733	144.92000
3.71873	145.02000
3.72003	145.13000
3.72133	145.24000
3.72263	145.35000
3.72393	145.46000
3.72523	145.56000
3.72663	145.67000
3.72793	145.78000
3.72923	145.89000
3.73053	146.00000
3.73183	146.11000
3.73323	146.21000
3.73453	146.32000
3.73583	146.42000
3.73993	146.45000
3.74773	146.47000
3.75543	146.49000
3.76183	146.52000
3.76283	146.54000
3.76383	146.57000
3.76483	146.59000
3.76583	146.61000
3.76683	146.64000
3.76783	146.66000
3.76883	146.68000
3.76983	146.71000
3.77083	146.73000
3.77183	146.76000
3.77283	146.78000
3.77383	146.80000
3.77483	146.91000
3.77583	147.02000
3.77683	147.13000
3.77783	147.25000
3.77883	147.36000
3.77983	147.47000
3.78083	147.58000
3.78183	147.69000
3.78283	147.80000
3.78383	147.91000
3.78483	148.03000
3.78583	148.12000
3.79023	148.16000
3.79543	148.20000
3.80063	148.24000
3.80573	148.28000
3.81093	148.32000
3.81593	148.35000
3.81693	148.39000
3.81783	148.43000
3.81873	148.47000
3.81973	148.51000
3.82063	148.55000
3.82153	148.59000
3.82253	148.63000
3.82343	148.67000
3.82433	148.71000
3.82533	148.75000
3.82623	148.79000
3.82713	148.83000
3.82813	148.87000
3.82903	148.97000
3.82993	149.08000
3.83093	149.19000
3.83183	149.30000
3.83273	149.41000
3.83373	149.52000
3.83463	149.63000
3.83553	149.74000
3.83653	149.84000
3.83803	149.89000
3.84053	149.94000
3.84303	150.00000
3.84553	150.05000
3.84803	150.10000
3.85053	150.16000
3.85313	150.21000
3.85563	150.26000
3.85813	150.32000
3.86063	150.37000
3.86203	150.42000
3.86333	150.48000
3.86473	150.53000
3.86603	150.58000
3.86733	150.64000
3.86873	150.69000
3.87003	150.74000
3.87133	150.80000
3.87273	150.85000
3.87403	150.90000
3.87543	150.96000
3.87673	151.01000
3.87803	151.06000
3.87943	151.11000
3.88073	151.16000
3.88203	151.21000
3.88343	151.26000
3.88473	151.31000
3.88603	151.36000
3.88743	151.41000
3.88943	151.46000
3.89163	151.51000
3.89383	151.56000
3.89603	151.61000
3.89833	151.66000
3.90053	151.71000
3.90273	151.76000
3.90493	151.81000
3.90713	151.86000
3.90923	151.91000
3.91063	151.96000
3.91213	152.01000
3.91353	152.06000
3.91493	152.11000
3.91643	152.16000
3.91783	152.21000
3.91933	152.26000
3.92073	152.31000
3.92223	152.36000
3.92363	152.48000
3.92503	152.83000
3.92653	153.18000
3.92793	153.52000
3.92943	153.57000
3.93083	153.61000
3.93233	153.65000
3.93373	153.70000
3.93513	153.74000
3.93663	153.78000
3.93923	153.83000
3.94183	153.87000
3.94453	153.92000
3.94723	153.96000
3.94993	154.00000
3.95253	154.05000
3.95523	154.09000
3.95713	154.13000
3.95843	154.18000
3.95973	154.22000
3.96103	154.27000
3.96233	154.31000
3.96363	154.35000
3.96493	154.40000
3.96623	154.44000
3.96753	154.48000
3.96883	154.53000
3.97013	154.57000
3.97143	154.62000
3.97263	154.67000
3.97393	154.72000
3.97523	154.78000
3.97653	154.84000
3.97783	154.89000
3.97913	154.95000
3.98043	155.00000
3.98173	155.06000
3.98303	155.12000
3.98443	155.17000
3.98613	155.23000
3.98773	155.28000
3.98933	155.34000
3.99103	155.40000
3.99263	155.45000
3.99433	155.51000
3.99593	155.56000
3.99763	155.62000
3.99923	155.68000
4.00093	155.73000
4.00253	155.79000
4.00423	155.84000
4.00583	155.90000
4.00753	155.96000
4.00913	156.01000
4.01073	156.07000
4.01233	156.12000
4.01383	156.18000
4.01543	156.24000
4.01703	156.29000
4.01863	156.43000
4.02023	156.58000
4.02183	156.72000
4.02343	156.86000
4.02503	157.01000
4.02663	157.14000
4.02823	157.20000
4.02983	157.26000
4.03133	157.32000
4.03333	157.38000
4.03563	157.44000
4.03793	157.50000
4.04023	157.56000
4.04253	157.62000
4.04483	157.68000
4.04713	157.74000
4.04943	157.80000
4.05173	157.86000
4.05343	157.92000
4.05503	157.98000
4.05673	158.04000
4.05833	158.10000
4.05993	158.16000
4.06153	158.23000
4.06313	158.29000
4.06473	158.35000
4.06643	158.41000
4.06803	158.47000
4.06963	158.53000
4.07123	158.58000
4.07283	158.64000
4.07443	158.70000
4.07613	158.76000
4.07773	158.81000
4.07933	158.87000
4.08093	158.93000
4.08253	158.98000
4.08413	159.04000
4.08563	159.10000
4.08693	159.15000
4.08823	159.21000
4.08963	159.27000
4.09093	159.33000
4.09223	159.38000
4.09363	159.44000
4.09493	159.50000
4.09623	159.55000
4.09763	159.61000
4.09893	159.67000
4.10023	159.72000
4.10153	159.78000
4.10293	159.84000
4.10423	159.90000
4.10553	159.95000
4.10693	160.01000
4.10823	160.07000
4.10953	160.12000
4.11093	160.18000
4.11223	160.25000
4.11353	160.31000
4.11493	160.37000
4.11623	160.44000
4.11753	160.50000
4.11893	160.56000
4.12023	160.62000
4.12213	160.69000
4.12603	160.75000
4.12993	160.81000
4.13393	160.87000
4.13783	160.94000
4.14173	161.00000
4.14353	161.06000
4.14493	161.12000
4.14633	161.19000
4.14773	161.25000
4.14913	161.31000
4.15053	161.38000
4.15193	161.44000
4.15333	161.50000
4.15473	161.56000
4.15613	161.63000
4.15753	161.69000
4.15893	161.75000
4.16033	161.81000
4.16173	161.88000
4.16303	161.94000
4.16443	162.09000
4.16583	162.28000
4.16723	162.46000
4.16863	162.65000
4.17003	162.71000
4.17143	162.78000
4.17283	162.85000
4.17423	162.92000
4.17563	162.99000
4.17723	163.05000
4.17873	163.12000
4.18023	163.19000
4.18183	163.26000
4.18333	163.33000
4.18483	163.39000
4.18643	163.46000
4.18793	163.53000
4.18943	163.60000
4.19103	163.67000
4.19253	163.73000
4.19413	163.80000
4.19563	163.87000
4.19713	163.94000
4.19873	164.01000
4.20023	164.07000
4.20173	164.14000
4.20333	164.21000
4.20483	164.28000
4.20633	164.35000
4.20793	164.41000
4.20943	164.48000
4.21093	164.55000
4.21253	164.62000
4.21403	164.69000
4.21553	164.75000
4.21713	164.82000
4.21863	164.89000
4.22023	164.96000
4.22233	165.03000
4.22433	165.10000
4.22643	165.17000
4.22853	165.24000
4.23053	165.32000
4.23263	165.39000
4.23473	165.47000
4.23673	165.54000
4.23883	165.62000
4.24093	165.69000
4.24253	165.77000
4.24423	165.84000
4.24583	165.92000
4.24753	165.99000
4.24923	166.06000
4.25083	166.14000
4.25253	166.21000
4.25413	166.29000
4.25583	166.36000
4.25753	166.44000
4.25913	166.51000
4.26083	166.59000
4.26243	166.66000
4.26413	166.73000
4.26583	166.81000
4.26743	166.88000
4.26913	166.96000
4.27073	167.03000
4.27243	167.11000
4.27413	167.16000
4.27573	167.18000
4.27743	167.20000
4.27903	167.23000
4.28073	167.25000
4.28243	167.27000
4.28403	167.29000
4.28573	167.32000
4.28733	167.34000
4.28903	167.36000
4.29073	167.38000
4.29233	167.40000
4.29403	167.43000
4.29563	167.45000
4.29733	167.50000
4.29903	167.57000
4.30063	167.65000
4.30233	167.72000
4.30423	167.80000
4.30643	167.87000
4.30863	167.95000
4.31073	168.02000
4.31293	168.10000
4.31513	168.17000
4.31733	168.25000
4.31953	168.32000
4.32173	168.40000
4.32383	168.47000
4.32603	168.55000
4.32823	168.63000
4.33043	168.72000
4.33263	168.80000
4.33483	168.89000
4.33693	168.97000
4.33913	169.05000
4.34133	169.14000
4.34353	169.22000
4.34503	169.31000
4.34653	169.39000
4.34793	169.47000
4.34933	169.56000
4.35083	169.64000
4.35223	169.73000
4.35363	169.81000
4.35503	169.89000
4.35653	169.98000
4.35793	170.06000
4.35933	170.14000
4.36083	170.23000
4.36223	170.31000
4.36363	170.40000
4.36503	170.48000
4.36653	170.56000
4.36793	170.65000
4.36933	170.73000
4.37073	170.80000
4.37213	170.80000
4.37343	170.79000
4.37483	170.78000
4.37623	170.77000
4.37763	170.77000
4.37893	170.76000
4.38033	170.75000
4.38173	170.74000
4.38313	170.74000
4.38443	170.76000
4.38583	170.86000
4.38723	170.96000
4.38863	171.06000
4.38993	171.16000
4.39133	171.26000
4.39273	171.36000
4.39413	171.46000
4.39543	171.56000
4.39683	171.66000
4.39823	171.76000
4.39963	171.86000
4.40093	171.96000
4.40233	172.05000
4.40373	172.15000
4.40513	172.22000
4.40643	172.27000
4.40783	172.31000
4.41083	172.35000
4.41383	172.39000
4.41683	172.44000
4.41983	172.48000
4.42293	172.52000
4.42593	172.57000
4.42893	172.61000
4.43043	172.65000
4.43183	172.69000
4.43333	172.74000
4.43473	172.78000
4.43623	172.82000
4.43763	172.86000
4.43913	172.91000
4.44063	172.95000
4.44203	172.99000
4.44353	173.04000
4.44493	173.08000
4.44643	173.12000
4.44783	173.17000
4.44933	173.22000
4.45083	173.27000
4.45223	173.33000
4.45373	173.38000
4.45513	173.43000
4.45663	173.49000
4.45803	173.54000
4.45953	173.59000
4.46103	173.64000
4.46233	173.70000
4.46353	173.75000
4.46483	173.80000
4.46613	173.85000
4.46733	173.91000
4.46863	173.96000
4.46993	174.01000
4.47113	174.06000
4.47243	174.12000
4.47363	174.17000
4.47493	174.22000
4.47623	174.27000
4.47743	174.33000
4.47873	174.38000
4.48003	174.43000
4.48123	174.49000
4.48253	174.54000
4.48373	174.59000
4.48503	174.64000
4.48633	174.83000
4.48753	175.03000
4.48883	175.22000
4.49003	175.41000
4.49133	175.58000
4.49263	175.64000
4.49383	175.70000
4.49513	175.76000
4.49863	175.82000
4.50363	175.88000
4.50863	175.94000
4.51353	176.00000
4.51853	176.06000
4.52333	176.12000
4.52453	176.19000
4.52563	176.25000
4.52683	176.31000
4.52793	176.37000
4.52913	176.43000
4.53033	176.49000
4.53143	176.55000
4.53263	176.61000
4.53373	176.67000
4.53493	176.73000
4.53613	176.79000
4.53723	176.85000
4.53843	176.91000
4.53953	176.97000
4.54073	177.03000
4.54193	177.09000
4.54303	177.15000
4.54423	177.20000
4.54543	177.26000
4.54653	177.31000
4.54773	177.36000
4.54883	177.41000
4.55003	177.47000
4.55123	177.52000
4.55333	177.57000
4.55723	177.62000
4.56123	177.68000
4.56513	177.73000
4.56913	177.78000
4.57253	177.83000
4.57393	177.89000
4.57523	177.94000
4.57663	177.99000
4.57793	178.04000
4.57933	178.10000
4.58063	178.15000
4.58203	178.20000
4.58333	178.25000
4.58473	178.31000
4.58603	178.36000
4.58743	178.41000
4.58873	178.46000
4.59013	178.52000
4.59143	178.57000
4.59283	178.62000
4.59413	178.68000
4.59553	178.76000
4.59683	178.84000
4.59823	178.92000
4.59953	179.00000
4.60093	179.09000
4.60223	179.17000
4.60353	179.25000
4.60493	179.33000
4.60673	179.41000
4.60883	179.49000
4.61093	179.57000
4.61303	179.64000
4.61523	179.71000
4.61733	179.78000
4.61943	179.85000
4.62153	179.93000
4.62373	180.00000
4.62573	180.07000
4.62733	180.14000
4.62893	180.21000
4.63053	180.28000
4.63213	180.35000
4.63373	180.43000
4.63533	180.50000
4.63693	180.57000
4.63853	180.64000
4.64003	180.71000
4.64163	180.78000
4.64323	180.85000
4.64483	180.93000
4.64643	181.00000
4.64803	181.07000
4.64963	181.14000
4.65123	181.21000
4.65283	181.28000
4.65443	181.35000
4.65583	181.43000
4.65703	181.50000
4.65823	181.57000
4.65953	181.64000
4.66073	181.71000
4.66193	181.77000
4.66323	181.84000
4.66443	181.91000
4.66563	181.97000
4.66683	182.04000
4.66813	182.11000
4.66933	182.18000
4.67053	182.24000
4.67173	182.31000
4.67303	182.38000
4.67423	182.44000
4.67543	182.51000
4.67673	182.58000
4.67793	182.65000
4.67913	182.71000
4.68033	182.78000
4.68163	182.85000
4.68283	182.91000
4.68403	182.98000
4.68533	183.05000
4.68653	183.11000
4.68773	183.18000
4.68893	183.25000
4.69333	183.32000
4.69953	183.38000
4.70573	183.45000
4.71183	183.52000
4.71633	183.58000
4.71753	183.65000
4.71863	183.72000
4.71973	183.79000
4.72093	183.85000
4.72203	183.92000
4.72313	183.98000
4.72433	184.05000
4.72543	184.12000
4.72663	184.18000
4.72773	184.25000
4.72883	184.31000
4.73003	184.38000
4.73113	184.45000
4.73223	184.51000
4.73343	184.58000
4.73453	184.64000
4.73573	184.71000
4.73683	184.78000
4.73793	184.84000
4.73913	184.91000
4.74023	184.97000
4.74133	185.04000
4.74253	185.10000
4.74373	185.17000
4.74643	185.24000
4.74913	185.30000
4.75183	185.37000
4.75453	185.43000
4.75723	185.50000
4.76003	185.57000
4.76273	185.63000
4.76443	185.70000
4.76593	185.76000
4.76743	185.83000
4.76893	185.90000
4.77043	185.96000
4.77193	186.03000
4.77343	186.09000
4.77493	186.16000
4.77643	186.23000
4.77793	186.29000
4.77943	186.36000
4.78093	186.42000
4.78243	186.49000
4.78393	186.56000
4.78543	186.62000
4.78693	186.69000
4.78843	186.75000
4.78993	186.82000
4.79143	186.89000
4.79293	186.95000
4.79443	187.02000
4.79593	187.08000
4.79743	187.15000
4.79893	187.22000
4.80043	187.28000
4.80203	187.35000
4.80353	187.41000
4.80503	187.48000
4.80653	187.55000
4.80803	187.61000
4.80953	187.68000
4.81103	187.74000
4.81253	187.81000
4.81403	187.88000
4.81553	187.94000
4.81713	188.01000
4.81863	188.07000
4.82013	188.14000
4.82163	188.20000
4.82313	188.27000
4.82463	188.34000
4.82613	188.40000
4.82763	188.47000
4.82913	188.53000
4.83063	188.60000
4.83223	188.67000
4.83373	188.73000
4.83523	188.80000
4.83673	188.86000
4.83823	188.93000
4.83973	189.00000
4.84113	189.06000
4.84263	189.13000
4.84403	189.19000
4.84553	189.26000
4.84693	189.33000
4.84843	189.36000
4.84983	189.40000
4.85133	189.43000
4.85283	189.47000
4.85423	189.50000
4.85573	189.54000
4.85713	189.57000
4.85863	189.61000
4.86003	189.64000
4.86153	189.68000
4.86293	189.71000
4.86443	189.74000
4.86593	189.80000
4.86733	189.85000
4.86883	189.91000
4.87023	189.97000
4.87173	190.03000
4.87313	190.09000
4.87463	190.14000
4.87603	190.20000
4.87753	190.26000
4.87903	190.32000
4.88223	190.38000
4.88713	190.43000
4.89203	190.49000
4.89693	190.55000
4.90183	190.61000
4.90373	190.66000
4.90493	190.72000
4.90613	190.78000
4.90733	190.84000
4.90853	190.90000
4.90973	190.95000
4.91093	191.01000
4.91213	191.07000
4.91333	191.13000
4.91453	191.19000
4.91573	191.24000
4.91693	191.30000
4.91813	191.36000
4.91933	191.42000
4.92053	191.50000
4.92173	191.57000
4.92293	191.65000
4.92413	191.73000
4.92533	191.81000
4.92653	191.89000
4.92773	191.96000
4.92893	192.04000
4.93103	192.12000
4.93393	192.20000
4.93683	192.28000
4.93973	192.35000
4.94263	192.42000
4.94553	192.49000
4.94843	192.56000
4.95133	192.64000
4.95373	192.71000
4.95523	192.78000
4.95673	192.85000
4.95823	192.92000
4.95973	192.99000
4.96123	193.07000
4.96273	193.14000
4.96433	193.21000
4.96583	193.28000
4.96733	193.35000
4.96883	193.42000
4.97033	193.50000
4.97183	193.57000
4.97333	193.64000
4.97483	193.70000
4.97633	193.75000
4.97783	193.80000
4.97933	193.85000
4.98083	193.90000
4.98243	193.94000
4.98393	193.99000
4.98543	194.04000
4.98693	194.09000
4.98823	194.14000
4.98953	194.18000
4.99083	194.23000
4.99213	194.28000
4.99343	194.33000
4.99473	194.38000
4.99603	194.43000
4.99733	194.47000
4.99863	194.52000
4.99993	194.57000
5.00123	194.62000
5.00253	194.67000
5.00383	194.72000
5.00513	194.76000
5.00643	194.81000
5.00773	194.86000
5.00903	194.91000
5.01033	194.96000
5.01163	195.06000
5.01293	195.17000
5.01423	195.28000
5.01553	195.40000
5.01683	195.51000
5.01813	195.62000
5.01943	195.74000
5.02073	195.82000
5.02203	195.87000
5.02513	195.92000
5.02903	195.97000
5.03293	196.02000
5.03683	196.08000
5.04073	196.13000
5.04463	196.18000
5.04763	196.23000
5.04893	196.28000
5.05013	196.34000
5.05133	196.39000
5.05263	196.44000
5.05383	196.49000
5.05513	196.54000
5.05633	196.60000
5.05753	196.65000
5.05883	196.70000
5.06003	196.75000
5.06133	196.80000
5.06253	196.86000
5.06373	196.92000
5.06503	197.00000
5.06623	197.08000
5.06753	197.15000
5.06873	197.23000
5.06993	197.31000
5.07123	197.39000
5.07243	197.46000
5.07373	197.54000
5.07553	197.62000
5.07893	197.70000
5.08243	197.78000
5.08583	197.85000
5.08933	197.93000
5.09273	198.01000
5.09613	198.08000
5.09753	198.16000
5.09893	198.24000
5.10033	198.32000
5.10173	198.39000
5.10313	198.47000
5.10453	198.55000
5.10593	198.62000
5.10733	198.70000
5.10873	198.78000
5.11003	198.86000
5.11143	198.93000
5.11283	199.01000
5.11423	199.09000
5.11563	199.17000
5.11703	199.24000
5.11843	199.32000
5.11983	199.40000
5.12123	199.47000
5.12263	199.55000
5.12403	199.63000
5.12543	199.71000
5.12683	199.78000
5.12823	199.86000
5.12983	199.94000
5.13143	200.01000
5.13303	200.09000
5.13463	200.17000
5.13623	200.23000
5.13783	200.27000
5.13953	200.31000
5.14113	200.36000
5.14273	200.40000
5.14433	200.45000
5.14593	200.49000
5.14753	200.53000
5.14913	200.58000
5.15073	200.62000
5.15223	200.67000
5.15363	200.71000
5.15503	200.75000
5.15643	200.80000
5.15773	200.84000
5.15913	200.89000
5.16053	200.94000
5.16193	201.00000
5.16323	201.06000
5.16463	201.12000
5.16603	201.18000
5.16743	201.24000
5.16873	201.30000
5.17013	201.35000
5.17153	201.41000
5.17363	201.47000
5.17883	201.53000
5.18393	201.59000
5.18913	201.65000
5.19423	201.71000
5.19573	201.77000
5.19673	201.83000
5.19773	201.89000
5.19883	201.95000
5.19983	202.01000
5.20083	202.07000
5.20193	202.13000
5.20293	202.19000
5.20393	202.25000
5.20503	202.30000
5.20603	202.36000
5.20703	202.42000
5.20813	202.48000
5.20913	202.54000
5.21013	202.60000
5.21123	202.66000
5.21223	202.71000
5.21323	202.76000
5.21433	202.81000
5.21533	202.87000
5.21633	202.92000
5.21843	202.97000
5.22143	203.03000
5.22443	203.08000
5.22743	203.13000
5.23043	203.18000
5.23343	203.24000
5.23643	203.29000
5.23943	203.34000
5.24243	203.40000
5.24353	203.45000
5.24473	203.50000
5.24583	203.55000
5.24703	203.61000
5.24813	203.66000
5.24933	203.71000
5.25043	203.77000
5.25153	203.82000
5.25273	203.87000
5.25383	203.92000
5.25503	203.98000
5.25613	204.03000
5.25733	204.08000
5.25843	204.19000
5.25963	204.33000
5.26073	204.47000
5.26193	204.61000
5.26303	204.76000
5.26423	204.87000
5.26533	204.94000
5.26643	205.01000
5.26813	205.08000
5.27083	205.15000
5.27343	205.22000
5.27603	205.29000
5.27873	205.36000
5.28133	205.43000
5.28403	205.50000
5.28663	205.57000
5.28923	205.64000
5.29103	205.71000
5.29233	205.78000
5.29373	205.85000
5.29503	205.92000
5.29643	205.99000
5.29773	206.06000
5.29903	206.13000
5.30043	206.20000
5.30173	206.27000
5.30313	206.34000
5.30443	206.41000
5.30573	206.48000
5.30713	206.55000
5.30843	206.62000
5.30983	206.69000
5.31113	206.76000
5.31243	206.83000
5.31383	206.90000
5.31513	206.97000
5.31653	207.04000
5.31853	207.11000
5.32073	207.18000
5.32293	207.25000
5.32513	207.32000
5.32733	207.38000
5.32953	207.45000
5.33173	207.52000
5.33383	207.58000
5.33603	207.65000
5.33793	207.72000
5.33923	207.79000
5.34043	207.85000
5.34163	207.92000
5.34283	207.99000
5.34403	208.06000
5.34533	208.12000
5.34653	208.19000
5.34773	208.26000
5.34893	208.32000
5.35013	208.39000
5.35143	208.46000
5.35263	208.53000
5.35383	208.59000
5.35503	208.66000
5.35623	208.73000
5.35743	208.79000
5.35873	208.86000
5.35993	208.93000
5.36203	209.00000
5.36443	209.06000
5.36673	209.13000
5.36903	209.20000
5.37133	209.26000
5.37373	209.33000
5.37603	209.40000
5.37833	209.47000
5.38073	209.53000
5.38303	209.60000
5.38513	209.67000
5.38683	209.73000
5.38863	209.80000
5.39043	209.87000
5.39213	209.94000
5.39393	210.00000
5.39563	210.07000
5.39743	210.14000
5.39923	210.20000
5.40093	210.27000
5.40273	210.34000
5.40443	210.41000
5.40623	210.47000
5.40803	210.54000
5.40973	210.61000
5.41153	210.67000
5.41323	210.74000
5.41503	210.81000
5.41683	210.88000
5.41853	210.94000
5.42033	211.01000
5.42203	211.08000
5.42383	211.14000
5.42563	211.21000
5.42733	211.28000
5.42913	211.34000
5.43083	211.41000
5.43263	211.47000
5.43443	211.53000
5.43613	211.60000
5.43793	211.66000
5.43963	211.73000
5.44143	211.79000
5.44323	211.86000
5.44493	211.92000
5.44683	211.98000
5.44873	212.05000
5.45063	212.11000
5.45263	212.18000
5.45453	212.24000
5.45643	212.31000
5.45843	212.37000
5.46033	212.43000
5.46223	212.50000
5.46413	212.56000
5.46613	212.63000
5.46803	212.69000
5.46993	212.76000
5.47183	212.82000
5.47383	212.88000
5.47573	212.95000
5.47763	213.01000
5.47963	213.08000
5.48153	213.14000
5.48343	213.21000
5.48533	213.27000
5.48733	213.33000
5.48923	213.40000
5.49113	213.46000
5.49313	213.53000
5.49503	213.59000
5.49693	213.65000
5.49853	213.72000
5.49963	213.78000
5.50083	213.85000
5.50193	213.91000
5.50303	213.98000
5.50413	214.04000
5.50523	214.10000
5.50633	214.17000
5.50753	214.23000
5.50863	214.30000
5.50973	214.36000
5.51083	214.43000
5.51193	214.49000
5.51303	214.55000
5.51423	214.62000
5.51553	214.68000
5.51693	214.75000
5.51823	214.81000
5.51953	214.88000
5.52093	214.94000
5.52223	215.00000
5.52363	215.07000
5.52493	215.13000
5.52633	215.20000
5.52763	215.26000
5.52903	215.27000
5.53033	215.28000
5.53163	215.29000
5.53303	215.29000
5.53433	215.30000
5.53573	215.31000
5.53703	215.32000
5.53843	215.33000
5.53973	215.39000
5.54113	215.44000
5.54243	215.50000
5.54383	215.55000
5.54513	215.60000
5.54643	215.66000
5.54783	215.71000
5.54913	215.77000
5.55053	215.82000
5.55183	215.87000
5.55333	215.93000
5.55493	215.98000
5.55653	216.03000
5.55813	216.09000
5.55963	216.14000
5.56123	216.20000
5.56283	216.25000
5.56443	216.30000
5.56603	216.36000
5.56753	216.41000
5.56913	216.46000
5.57073	216.52000
5.57233	216.57000
5.57393	216.63000
5.57543	216.68000
5.57703	216.73000
5.57863	216.79000
5.58023	216.84000
5.58173	216.89000
5.58333	216.95000
5.58493	217.04000
5.58653	217.14000
5.58873	217.24000
5.59083	217.34000
5.59303	217.44000
5.59513	217.54000
5.59733	217.64000
5.59943	217.72000
5.60163	217.79000
5.60373	217.87000
5.60593	217.94000
5.60803	218.01000
5.61023	218.09000
5.61233	218.16000
5.61453	218.23000
5.61663	218.31000
5.61883	218.38000
5.62093	218.45000
5.62313	218.53000
5.62503	218.60000
5.62643	218.67000
5.62783	218.75000
5.62923	218.82000
5.63063	218.89000
5.63213	218.97000
5.63353	219.04000
5.63493	219.11000
5.63633	219.19000
5.63783	219.26000
5.63923	219.33000
5.64063	219.41000
5.64203	219.48000
5.64343	219.55000
5.64493	219.63000
5.64633	219.70000
5.64773	219.77000
5.64913	219.85000
5.65053	219.92000
5.65203	219.99000
5.65343	220.03000
5.65493	220.08000
5.65633	220.12000
5.65783	220.16000
5.65923	220.21000
5.66073	220.25000
5.66213	220.29000
5.66363	220.34000
5.66503	220.38000
5.66653	220.42000
5.66793	220.47000
5.66943	220.51000
5.67083	220.55000
5.67233	220.60000
5.67373	220.64000
5.67523	220.68000
5.67663	220.73000
5.67813	220.77000
5.67953	220.82000
5.68103	220.86000
5.68253	220.91000
5.68393	220.95000
5.68543	221.00000
5.68683	221.04000
5.68833	221.09000
5.68973	221.13000
5.69123	221.18000
5.69423	221.23000
5.69863	221.27000
5.70303	221.32000
5.70753	221.36000
5.71193	221.41000
5.71423	221.45000
5.71543	221.50000
5.71663	221.55000
5.71773	221.59000
5.71893	221.64000
5.72013	221.68000
5.72133	221.73000
5.72243	221.77000
5.72363	221.82000
5.72483	221.86000
5.72603	221.91000
5.72713	221.96000
5.72833	222.00000
5.72953	222.05000
5.73073	222.22000
5.73183	222.63000
5.73303	223.04000
5.73423	223.41000
5.73543	223.43000
5.73653	223.46000
5.73773	223.49000
5.73893	223.52000
5.74013	223.55000
5.74123	223.58000
5.74523	223.61000
5.74933	223.64000
5.75343	223.67000
5.75763	223.70000
5.76173	223.73000
5.76593	223.76000
5.76743	223.78000
5.76853	223.81000
5.76973	223.84000
5.77093	223.87000
5.77203	223.90000
5.77323	223.93000
5.77433	223.96000
5.77553	223.99000
5.77663	224.02000
5.77783	224.05000
5.77893	224.08000
5.78013	224.11000
5.78123	224.16000
5.78243	224.23000
5.78353	224.30000
5.78473	224.37000
5.78583	224.44000
5.78703	224.50000
5.78813	224.57000
5.78933	224.64000
5.79053	224.71000
5.79163	224.78000
5.79343	224.85000
5.79573	224.91000
5.79813	224.98000
5.80053	225.05000
5.80283	225.12000
5.80523	225.20000
5.80763	225.27000
5.80993	225.35000
5.81233	225.42000
5.81413	225.50000
5.81573	225.58000
5.81733	225.65000
5.81893	225.73000
5.82053	225.80000
5.82213	225.88000
5.82363	225.95000
5.82523	226.03000
5.82683	226.10000
5.82843	226.18000
5.83003	226.25000
5.83153	226.33000
5.83313	226.41000
5.83473	226.48000
5.83633	226.56000
5.83793	226.63000
5.83953	226.71000
5.84103	226.78000
5.84263	226.86000
5.84423	226.93000
5.84583	227.01000
5.84723	227.08000
5.84843	227.16000
5.84963	227.23000
5.85083	227.30000
5.85193	227.37000
5.85313	227.44000
5.85433	227.51000
5.85553	227.58000
5.85673	227.65000
5.85793	227.72000
5.85903	227.79000
5.86023	227.86000
5.86143	227.93000
5.86263	227.99000
5.86383	228.06000
5.86493	228.13000
5.86613	228.20000
5.86733	228.27000
5.86853	228.34000
5.86973	228.41000
5.87093	228.48000
5.87203	228.55000
5.87323	228.62000
5.87443	228.69000
5.87693	228.76000
5.88113	228.83000
5.88543	228.90000
5.88963	228.97000
5.89383	229.04000
5.89813	229.11000
5.90233	229.18000
5.90593	229.24000
5.90703	229.30000
5.90813	229.35000
5.90923	229.41000
5.91033	229.47000
5.91143	229.53000
5.91253	229.58000
5.91363	229.64000
5.91473	229.70000
5.91583	229.75000
5.91693	229.81000
5.91803	229.87000
5.91913	229.93000
5.92023	229.98000
5.92133	230.04000
5.92243	230.09000
5.92353	230.13000
5.92463	230.18000
5.92573	230.23000
5.92683	230.28000
5.92793	230.32000
5.92903	230.37000
5.93023	230.42000
5.93293	230.47000
5.93563	230.52000
5.93843	230.56000
5.94113	230.61000
5.94393	230.66000
5.94663	230.71000
5.94943	230.75000
5.95213	230.80000
5.95463	230.85000
5.95593	230.90000
5.95713	230.94000
5.95843	230.99000
5.95973	231.04000
5.96093	231.09000
5.96223	231.13000
5.96353	231.18000
5.96473	231.23000
5.96603	231.28000
5.96723	231.32000
5.96853	231.38000
5.96983	231.43000
5.97103	231.48000
5.97233	231.54000
5.97363	231.59000
5.97483	231.64000
5.97613	231.70000
5.97743	231.75000
5.97863	231.80000
5.98023	231.86000
5.98223	231.91000
5.98423	231.96000
5.98633	232.02000
5.98833	232.07000
5.99033	232.12000
5.99243	232.18000
5.99443	232.23000
5.99653	232.28000
5.99853	232.34000
6.00053	232.39000
6.00253	232.44000
6.00403	232.49000
6.00563	232.55000
6.00713	232.60000
6.00863	232.65000
6.01023	232.71000
6.01173	232.76000
6.01333	232.81000
6.01483	232.87000
6.01643	233.03000
6.01793	233.25000
6.01953	233.47000
6.02103	233.69000
6.02253	233.91000
6.02413	233.98000
6.02563	234.04000
6.02723	234.10000
6.02873	234.17000
6.03033	234.23000
6.03183	234.29000
6.03313	234.35000
6.03453	234.41000
6.03583	234.47000
6.03723	234.53000
6.03853	234.59000
6.03983	234.66000
6.04123	234.72000
6.04253	234.78000
6.04393	234.84000
6.04523	234.90000
6.04653	234.96000
6.04793	235.02000
6.04923	235.08000
6.05063	235.14000
6.05193	235.21000
6.05323	235.27000
6.05463	235.33000
6.05593	235.39000
6.05733	235.45000
6.05863	235.50000
6.05993	235.55000
6.06133	235.60000
6.06263	235.65000
6.06403	235.70000
6.06533	235.75000
6.06663	235.80000
6.06803	235.85000
6.07303	235.90000
6.07823	235.95000
6.08353	236.00000
6.08873	236.05000
6.09403	236.10000
6.09533	236.15000
6.09643	236.20000
6.09763	236.25000
6.09873	236.30000
6.09983	236.35000
6.10103	236.40000
6.10213	236.45000
6.10333	236.50000
6.10443	236.55000
6.10563	236.61000
6.10673	236.66000
6.10793	236.71000
6.10903	236.76000
6.11013	236.81000
6.11133	236.86000
6.11243	236.92000
6.11363	236.98000
6.11473	237.05000
6.11593	237.11000
6.11703	237.18000
6.11823	237.24000
6.11933	237.31000
6.12043	237.37000
6.12163	237.44000
6.12273	237.51000
6.12503	237.57000
6.12733	237.64000
6.12963	237.71000
6.13193	237.79000
6.13413	237.88000
6.13643	237.97000
6.13873	238.05000
6.14103	238.14000
6.14333	238.22000
6.14563	238.31000
6.14783	238.40000
6.14993	238.48000
6.15193	238.57000
6.15403	238.65000
6.15603	238.74000
6.15813	238.83000
6.16013	238.91000
6.16223	239.00000
6.16423	239.08000
6.16633	239.17000
6.16833	239.26000
6.17043	239.34000
6.17243	239.43000
6.17443	239.51000
6.17653	239.60000
6.17853	239.65000
6.18063	239.69000
6.18263	239.73000
6.18473	239.77000
6.18673	239.81000
6.18813	239.86000
6.18953	239.90000
6.19083	239.94000
6.19223	239.98000
6.19363	240.02000
6.19493	240.06000
6.19633	240.10000
6.19773	240.14000
6.19903	240.18000
6.20043	240.22000
6.20183	240.26000
6.20313	240.30000
6.20453	240.34000
6.20593	240.38000
6.20723	240.42000
6.20863	240.46000
6.21003	240.51000
6.21133	240.56000
6.21273	240.62000
6.21413	240.67000
6.21543	240.73000
6.21683	240.78000
6.21823	240.84000
6.21953	240.89000
6.22093	240.95000
6.22233	241.00000
6.22363	241.06000
6.22513	241.11000
6.22653	241.17000
6.22803	241.22000
6.22953	241.28000
6.23103	241.33000
6.23243	241.39000
6.23393	241.44000
6.23543	241.50000
6.23683	241.55000
6.23833	241.60000
6.23983	241.66000
6.24123	241.71000
6.24273	241.77000
6.24423	241.82000
6.24563	241.88000
6.24713	241.93000
6.24863	241.99000
6.25003	242.04000
6.25153	242.10000
6.25303	242.22000
6.25443	242.44000
6.25593	242.66000
6.25743	242.88000
6.25883	242.97000
6.26033	243.02000
6.26183	243.07000
6.26323	243.13000
6.26473	243.18000
6.26633	243.23000
6.26963	243.29000
6.27293	243.34000
6.27623	243.39000
6.27953	243.45000
6.28283	243.50000
6.28553	243.55000
6.28693	243.60000
6.28823	243.66000
6.28953	243.71000
6.29083	243.76000
6.29213	243.82000
6.29353	243.87000
6.29483	243.92000
6.29613	243.98000
6.29743	244.03000
6.29883	244.08000
6.30013	244.14000
6.30143	244.19000
6.30273	244.24000
6.30413	244.30000
6.30543	244.34000
6.30673	244.38000
6.30803	244.43000
6.30943	244.47000
6.31073	244.51000
6.31203	244.55000
6.31333	244.59000
6.31463	244.63000
6.31603	244.67000
6.31763	244.71000
6.31983	244.75000
6.32193	244.79000
6.32413	244.83000
6.32623	244.87000
6.32843	244.91000
6.33063	244.95000
6.33273	244.99000
6.33493	245.03000
6.33703	245.08000
6.33923	245.12000
6.34123	245.16000
6.34313	245.20000
6.34513	245.24000
6.34703	245.28000
6.34903	245.32000
6.35093	245.36000
6.35283	245.48000
6.35483	245.65000
6.35673	245.83000
6.35873	246.00000
6.36063	246.17000
6.36263	246.34000
6.36453	246.50000
6.36653	246.57000
6.36843	246.65000
6.37043	246.72000
6.37233	246.79000
6.37433	246.87000
6.37623	246.94000
6.37823	247.02000
6.38013	247.09000
6.38203	247.17000
6.38403	247.24000
6.38593	247.32000
6.38793	247.39000
6.38983	247.46000
6.39183	247.54000
6.39373	247.61000
6.39543	247.69000
6.39643	247.76000
6.39733	247.84000
6.39833	247.91000
6.39933	247.98000
6.40033	248.06000
6.40133	248.13000
6.40233	248.21000
6.40333	248.28000
6.40433	248.35000
6.40533	248.39000
6.40633	248.43000
6.40733	248.48000
6.40833	248.52000
6.40923	248.56000
6.41023	248.60000
6.41123	248.64000
6.41383	248.68000
6.41643	248.72000
6.41913	248.76000
6.42173	248.81000
6.42443	248.85000
6.42703	248.89000
6.42973	248.93000
6.43243	248.97000
6.43393	249.01000
6.43513	249.05000
6.43643	249.09000
6.43763	249.14000
6.43893	249.18000
6.44013	249.22000
6.44143	249.26000
6.44263	249.30000
6.44393	249.34000
6.44513	249.38000
6.44643	249.42000
6.44763	249.48000
6.44893	249.53000
6.45013	249.59000
6.45143	249.64000
6.45263	249.70000
6.45393	249.75000
6.45513	249.81000
6.45643	249.86000
6.45843	249.92000
6.46053	249.97000
6.46263	250.03000
6.46473	250.08000
6.46683	250.14000
6.46893	250.19000
6.47103	250.25000
6.47313	250.30000
6.47523	250.35000
6.47733	250.41000
6.47933	250.46000
6.48093	250.52000
6.48243	250.57000
6.48403	250.63000
6.48563	250.68000
6.48723	250.74000
6.48883	250.79000
6.49033	250.85000
6.49193	250.90000
6.49353	250.96000
6.49513	251.09000
6.49673	251.28000
6.49833	251.47000
6.49983	251.67000
6.50143	251.86000
6.50303	251.94000
6.50463	252.01000
6.50623	252.08000
6.50773	252.14000
6.50933	252.21000
6.51113	252.28000
6.51283	252.34000
6.51463	252.41000
6.51633	252.48000
6.51803	252.54000
6.51983	252.61000
6.52153	252.67000
6.52333	252.74000
6.52503	252.81000
6.52673	252.87000
6.52843	252.94000
6.53013	253.01000
6.53183	253.07000
6.53343	253.14000
6.53513	253.21000
6.53683	253.27000
6.53853	253.34000
6.54013	253.41000
6.54183	253.47000
6.54353	253.54000
6.54523	253.61000
6.54683	253.67000
6.54853	253.74000
6.55023	253.80000
6.55183	253.87000
6.55353	253.94000
6.55523	254.00000
6.55693	254.07000
6.55823	254.14000
6.55943	254.20000
6.56063	254.27000
6.56183	254.34000
6.56293	254.40000
6.56413	254.47000
6.56533	254.53000
6.56653	254.60000
6.56773	254.66000
6.56893	254.72000
6.57013	254.78000
6.57133	254.84000
6.57253	254.90000
6.57363	254.97000
6.57483	255.03000
6.57603	255.09000
6.57723	255.15000
6.57843	255.21000
6.57963	255.27000
6.58083	255.34000
6.58203	255.40000
6.58323	255.46000
6.58433	255.52000
6.58553	255.58000
6.58673	255.65000
6.58793	255.71000
6.58913	255.77000
6.59033	255.83000
6.59403	255.89000
6.59893	255.95000
6.60383	256.02000
6.60873	256.08000
6.61363	256.14000
6.61853	256.20000
6.62043	256.26000
6.62163	256.33000
6.62283	256.39000
6.62403	256.45000
6.62523	256.51000
6.62643	256.57000
6.62773	256.63000
6.62893	256.70000
6.63013	256.76000
6.63133	256.82000
6.63253	256.88000
6.63373	256.94000
6.63493	257.00000
6.63623	257.07000
6.63743	257.13000
6.63863	257.19000
6.63983	257.25000
6.64103	257.31000
6.64223	257.38000
6.64353	257.44000
6.64473	257.50000
6.64593	257.56000
6.64723	257.62000
6.64863	257.68000
6.65013	257.75000
6.65153	257.81000
6.65303	257.87000
6.65443	257.93000
6.65583	257.99000
6.65733	258.06000
6.65873	258.12000
6.66023	258.18000
6.66163	258.24000
6.66313	258.30000
6.66453	258.36000
6.66603	258.43000
6.66743	258.49000
6.66883	258.55000
6.67033	258.61000
6.67173	258.67000
6.67323	258.73000
6.67463	258.80000
6.67613	258.86000
6.67753	258.92000
6.67893	258.96000
6.68043	259.00000
6.68183	259.05000
6.68333	259.09000
6.68473	259.13000
6.68623	259.17000
6.68813	259.21000
6.69303	259.26000
6.69793	259.30000
6.70283	259.34000
6.70773	259.38000
6.71253	259.42000
6.71703	259.47000
6.71793	259.51000
6.71873	259.55000
6.71963	259.59000
6.72053	259.63000
6.72133	259.68000
6.72223	259.72000
6.72303	259.76000
6.72393	259.80000
6.72483	259.84000
6.72563	259.88000
6.72653	259.93000
6.72733	259.97000
6.72823	260.01000
6.72913	260.05000
6.72993	260.10000
6.73083	260.15000
6.73173	260.20000
6.73253	260.25000
6.73343	260.30000
6.73423	260.34000
6.73513	260.39000
6.73603	260.44000
6.73683	260.49000
6.73873	260.54000
6.74173	260.59000
6.74473	260.64000
6.74773	260.69000
6.75063	260.74000
6.75363	260.79000
6.75663	260.84000
6.75963	260.89000
6.76263	260.94000
6.76493	260.99000
6.76663	261.04000
6.76823	261.09000
6.76983	261.13000
6.77153	261.18000
6.77313	261.23000
6.77473	261.28000
6.77643	261.33000
6.77803	261.38000
6.77973	261.43000
6.78133	261.58000
6.78293	261.75000
6.78463	261.93000
6.78623	262.10000
6.78783	262.28000
6.78953	262.40000
6.79113	262.47000
6.79283	262.53000
6.79443	262.59000
6.79603	262.66000
6.79773	262.72000
6.79933	262.78000
6.80093	262.85000
6.80263	262.91000
6.80423	262.97000
6.80593	263.04000
6.80753	263.10000
6.80913	263.16000
6.81083	263.22000
6.81243	263.29000
6.81403	263.35000
6.81573	263.41000
6.81733	263.48000
6.81903	263.54000
6.82063	263.60000
6.82223	263.67000
6.82393	263.73000
6.82553	263.79000
6.82723	263.86000
6.82903	263.92000
6.83083	263.98000
6.83253	264.03000
6.83433	264.07000
6.83613	264.12000
6.83793	264.16000
6.83963	264.21000
6.84143	264.26000
6.84323	264.30000
6.84503	264.35000
6.84673	264.40000
6.84853	264.44000
6.85033	264.49000
6.85213	264.54000
6.85393	264.58000
6.85563	264.63000
6.85743	264.68000
6.85923	264.72000
6.86103	264.77000
6.86273	264.81000
6.86453	264.86000
6.86633	264.91000
6.86813	264.95000
6.86983	265.00000
6.87163	265.05000
6.87343	265.09000
6.87523	265.14000
6.87693	265.19000
6.87863	265.23000
6.88023	265.28000
6.88173	265.33000
6.88333	265.38000
6.88483	265.44000
6.88633	265.49000
6.88793	265.54000
6.88943	265.60000
6.89103	265.65000
6.89253	265.71000
6.89413	265.76000
6.89563	265.82000
6.89713	265.87000
6.89863	265.92000
6.90003	265.98000
6.90143	266.03000
6.90293	266.09000
6.90433	266.14000
6.90573	266.20000
6.90723	266.25000
6.90863	266.30000
6.91003	266.36000
6.91153	266.41000
6.91293	266.47000
6.91433	266.52000
6.91583	266.57000
6.91723	266.63000
6.91863	266.68000
6.92003	266.74000
6.92153	266.79000
6.92293	266.85000
6.92433	266.90000
6.92583	267.07000
6.92723	267.25000
6.92863	267.44000
6.93013	267.63000
6.93153	267.77000
6.93293	267.84000
6.93443	267.90000
6.93583	267.97000
6.93723	268.04000
6.93873	268.10000
6.94033	268.17000
6.94193	268.23000
6.94353	268.30000
6.94513	268.37000
6.94663	268.43000
6.94823	268.50000
6.94983	268.57000
6.95143	268.63000
6.95303	268.70000
6.95463	268.77000
6.95623	268.83000
6.95783	268.90000
6.95943	268.96000
6.96103	269.03000
6.96263	269.10000
6.96413	269.16000
6.96573	269.23000
6.96733	269.30000
6.96893	269.36000
6.97053	269.43000
6.97213	269.50000
6.97373	269.56000
6.97533	269.63000
6.97693	269.69000
6.97853	269.76000
6.98013	269.83000
6.98163	269.89000
6.98323	269.97000
6.98613	270.04000
6.98913	270.12000
6.99213	270.20000
6.99513	270.27000
6.99823	270.35000
7.00123	270.43000
7.00423	270.50000
7.00593	270.58000
7.00763	270.66000
7.00933	270.73000
7.01093	270.81000
7.01263	270.89000
7.01433	270.96000
7.01603	271.04000
7.01773	271.12000
7.01943	271.19000
7.02113	271.27000
7.02283	271.35000
7.02453	271.42000
7.02623	271.50000
7.02783	271.57000
7.02953	271.65000
7.03123	271.73000
7.03293	271.80000
7.03463	271.88000
7.03633	271.96000
7.03773	272.02000
7.03903	272.06000
7.04033	272.09000
7.04173	272.12000
7.04303	272.15000
7.04433	272.19000
7.04563	272.22000
7.04693	272.25000
7.04823	272.28000
7.04963	272.32000
7.05093	272.35000
7.05223	272.38000
7.05353	272.41000
7.05483	272.44000
7.05623	272.48000
7.05753	272.51000
7.05883	272.54000
7.06013	272.57000
7.06143	272.63000
7.06273	272.69000
7.06413	272.75000
7.06543	272.81000
7.06673	272.87000
7.06803	272.93000
7.06933	272.98000
7.07073	273.04000
7.07203	273.10000
7.07333	273.16000
7.07573	273.22000
7.07813	273.28000
7.08063	273.34000
7.08303	273.39000
7.08553	273.45000
7.08793	273.51000
7.09043	273.57000
7.09283	273.63000
7.09533	273.69000
7.09763	273.75000
7.09943	273.80000
7.10123	273.86000
7.10293	273.92000
7.10473	273.98000
7.10653	274.04000
7.10833	274.10000
7.11003	274.16000
7.11183	274.21000
7.11363	274.27000
7.11543	274.33000
7.11713	274.39000
7.11893	274.45000
7.12073	274.51000
7.12243	274.57000
7.12423	274.62000
7.12603	274.68000
7.12783	274.74000
7.12953	274.80000
7.13133	274.86000
7.13303	274.92000
7.13433	274.98000
7.13553	275.04000
7.13683	275.09000
7.13813	275.15000
7.13933	275.21000
7.14063	275.27000
7.14193	275.33000
7.14313	275.39000
7.14443	275.45000
7.14573	275.50000
7.14693	275.56000
7.14823	275.62000
7.14953	275.68000
7.15073	275.74000
7.15203	275.80000
7.15333	275.86000
7.15453	275.91000
7.15583	275.97000
7.15713	276.03000
7.15833	276.09000
7.15963	276.15000
7.16093	276.21000
7.16213	276.27000
7.16343	276.32000
7.16473	276.38000
7.16593	276.44000
7.16803	276.50000
7.17033	276.56000
7.17273	276.62000
7.17503	276.68000
7.17743	276.73000
7.17973	276.79000
7.18213	276.85000
7.18443	276.91000
7.18683	276.97000
7.18913	277.03000
7.19153	277.09000
7.19383	277.14000
7.19513	277.20000
7.19643	277.26000
7.19773	277.32000
7.19903	277.38000
7.20033	277.44000
7.20163	277.50000
7.20293	277.55000
7.20423	277.61000
7.20553	277.66000
7.20683	277.71000
7.20813	277.76000
7.20953	277.81000
7.21083	277.87000
7.21213	277.92000
7.21343	277.97000
7.21473	278.02000
7.21603	278.07000
7.21903	278.12000
7.22193	278.17000
7.22493	278.22000
7.22793	278.27000
7.23083	278.33000
7.23383	278.38000
7.23683	278.43000
7.23863	278.48000
7.23963	278.53000
7.24063	278.58000
7.24173	278.63000
7.24273	278.68000
7.24373	278.73000
7.24473	278.79000
7.24573	278.84000
7.24673	278.89000
7.24773	278.94000
7.24883	278.99000
7.24983	279.04000
7.25083	279.09000
7.25183	279.20000
7.25283	279.42000
7.25383	279.63000
7.25483	279.85000
7.25593	280.05000
7.25693	280.13000
7.25793	280.20000
7.25893	280.28000
7.26093	280.35000
7.26433	280.43000
7.26783	280.50000
7.27133	280.58000
7.27473	280.65000
7.27823	280.73000
7.28173	280.80000
7.28513	280.88000
7.28673	280.95000
7.28783	281.03000
7.28893	281.10000
7.28993	281.18000
7.29103	281.25000
7.29213	281.33000
7.29323	281.40000
7.29423	281.48000
7.29533	281.55000
7.29643	281.63000
7.29753	281.70000
7.29853	281.78000
7.29963	281.85000
7.30073	281.93000
7.30173	282.00000
7.30283	282.08000
7.30393	282.15000
7.30503	282.23000
7.30603	282.30000
7.30713	282.38000
7.30823	282.45000
7.30933	282.51000
7.31323	282.52000
7.31713	282.52000
7.32103	282.53000
7.32493	282.53000
7.32893	282.54000
7.33283	282.54000
7.33573	282.55000
7.33693	282.55000
7.33813	282.56000
7.33923	282.56000
7.34043	282.57000
7.34163	282.57000
7.34283	282.58000
7.34403	282.60000
7.34523	282.67000
7.34643	282.73000
7.34753	282.79000
7.34873	282.85000
7.34993	282.91000
7.35113	282.97000
7.35233	283.03000
7.35353	283.09000
7.35473	283.15000
7.35583	283.22000
7.35703	283.28000
7.35823	283.34000
7.35943	283.40000
7.36063	283.46000
7.36183	283.52000
7.36323	283.58000
7.36473	283.64000
7.36623	283.70000
7.36763	283.77000
7.36913	283.83000
7.37063	283.89000
7.37213	283.95000
7.37353	284.01000
7.37503	284.07000
7.37653	284.13000
7.37793	284.19000
7.37943	284.25000
7.38093	284.32000
7.38233	284.38000
7.38383	284.44000
7.38533	284.50000
7.38673	284.56000
7.38823	284.62000
7.38973	284.68000
7.39113	284.74000
7.39263	284.80000
7.39413	284.87000
7.39563	284.93000
7.39703	284.99000
7.39853	285.05000
7.40003	285.11000
7.40143	285.17000
7.40293	285.23000
7.40443	285.29000
7.40663	285.35000
7.41363	285.42000
7.42063	285.48000
7.42753	285.54000
7.42923	285.60000
7.43043	285.66000
7.43163	285.72000
7.43283	285.78000
7.43403	285.84000
7.43523	285.90000
7.43643	285.97000
7.43763	286.03000
7.43873	286.09000
7.43993	286.15000
7.44113	286.21000
7.44233	286.27000
7.44353	286.33000
7.44473	286.39000
7.44593	286.45000
7.44713	286.52000
7.44833	286.58000
7.44953	286.64000
7.45073	286.70000
7.45183	286.76000
7.45303	286.82000
7.45423	286.88000
7.45543	286.94000
7.45663	287.00000
7.45783	287.07000
7.45933	287.13000
7.46133	287.19000
7.46333	287.25000
7.46533	287.32000
7.46733	287.40000
7.46933	287.47000
7.47133	287.55000
7.47343	287.62000
7.47543	287.70000
7.47743	287.77000
7.47943	287.84000
7.48143	287.92000
7.48333	287.99000
7.48513	288.07000
7.48683	288.14000
7.48853	288.22000
7.49023	288.29000
7.49193	288.36000
7.49373	288.44000
7.49543	288.51000
7.49713	288.59000
7.49883	288.66000
7.50063	288.74000
7.50233	288.81000
7.50403	288.88000
7.50573	288.96000
7.50753	289.01000
7.50923	289.07000
7.51093	289.13000
7.51263	289.19000
7.51443	289.25000
7.51613	289.31000
7.51783	289.37000
7.51953	289.43000
7.52133	289.49000
7.52303	289.54000
7.52473	289.60000
7.52643	289.66000
7.52813	289.72000
7.52993	289.78000
7.53163	289.84000
7.53333	289.90000
7.53503	289.96000
7.53683	290.02000
7.53853	290.07000
7.54023	290.13000
7.54193	290.19000
7.54373	290.25000
7.54543	290.31000
7.54713	290.37000
7.54893	290.43000
7.55073	290.49000
7.55253	290.55000
7.55433	290.61000
7.55613	290.66000
7.55783	290.72000
7.55963	290.78000
7.56143	290.84000
7.56323	290.92000
7.56503	291.01000
7.56683	291.09000
7.56863	291.18000
7.57043	291.26000
7.57213	291.35000
7.57393	291.43000
7.57573	291.52000
7.57753	291.60000
7.57933	291.68000
7.58113	291.77000
7.58293	291.85000
7.58463	291.94000
7.58643	292.02000
7.58823	292.11000
7.59003	292.19000
7.59183	292.28000
7.59363	292.36000
7.59553	292.45000
7.59733	292.53000
7.59913	292.62000
7.60093	292.70000
7.60273	292.78000
7.60453	292.87000
7.60633	292.95000
7.60813	292.97000
7.60993	292.97000
7.61173	292.98000
7.61293	292.99000
7.61403	292.99000
7.61523	293.00000
7.61643	293.01000
7.61753	293.01000
7.61873	293.02000
7.61983	293.02000
7.62103	293.03000
7.62223	293.04000
7.62333	293.04000
7.62453	293.05000
7.62563	293.06000
7.62683	293.10000
7.62803	293.16000
7.62913	293.21000
7.63033	293.26000
7.63143	293.31000
7.63263	293.37000
7.63383	293.42000
7.63493	293.47000
7.63613	293.53000
7.63733	293.58000
7.63843	293.63000
7.63963	293.68000
7.64073	293.74000
7.64193	293.79000
7.64523	293.84000
7.64963	293.90000
7.65403	293.95000
7.65843	294.00000
7.66283	294.05000
7.66723	294.11000
7.66933	294.16000
7.67043	294.21000
7.67143	294.27000
7.67253	294.32000
7.67363	294.37000
7.67473	294.42000
7.67583	294.48000
7.67683	294.53000
7.67793	294.58000
7.67903	294.64000
7.68013	294.69000
7.68123	294.74000
7.68223	294.79000
7.68333	294.85000
7.68443	294.90000
7.68553	294.96000
7.68663	295.02000
7.68763	295.07000
7.68873	295.13000
7.68983	295.19000
7.69093	295.25000
7.69353	295.30000
7.69633	295.36000
7.69913	295.42000
7.70193	295.48000
7.70473	295.54000
7.70753	295.59000
7.71033	295.65000
7.71313	295.71000
7.71593	295.77000
7.71753	295.83000
7.71873	295.88000
7.72003	295.94000
7.72123	296.00000
7.72253	296.06000
7.72373	296.11000
7.72493	296.17000
7.72623	296.23000
7.72743	296.29000
7.72873	296.35000
7.72993	296.40000
7.73123	296.46000
7.73243	296.52000
7.73373	296.58000
7.73493	296.64000
7.73623	296.69000
7.73743	296.75000
7.73873	296.81000
7.73993	296.87000
7.74113	296.92000
7.74243	296.98000
7.74443	297.04000
7.74653	297.10000
7.74863	297.18000
7.75073	297.27000
7.75283	297.35000
7.75503	297.44000
7.75713	297.53000
7.75923	297.61000
7.76133	297.70000
7.76343	297.79000
7.76533	297.87000
7.76693	297.96000
7.76853	298.05000
7.77013	298.13000
7.77163	298.22000
7.77323	298.31000
7.77483	298.40000
7.77643	298.48000
7.77803	298.57000
7.77963	298.66000
7.78123	298.74000
7.78283	298.83000
7.78443	298.92000
7.78603	299.00000
7.78753	299.09000
7.78913	299.18000
7.79073	299.26000
7.79233	299.35000
7.79393	299.44000
7.79523	299.52000
7.79643	299.59000
7.79763	299.66000
7.79883	299.73000
7.80003	299.80000
7.80123	299.87000
7.80243	299.94000
7.80363	300.01000
7.80483	300.08000
7.80603	300.15000
7.80723	300.22000
7.80843	300.29000
7.80963	300.36000
7.81083	300.43000
7.81203	300.50000
7.81323	300.57000
7.81443	300.64000
7.81563	300.71000
7.81683	300.78000
7.81803	300.85000
7.81923	300.92000
7.82043	300.99000
7.82163	301.06000
7.82283	301.13000
7.82403	301.20000
7.82523	301.27000
7.82643	301.34000
7.82853	301.41000
7.83373	301.48000
7.83903	301.55000
7.84423	301.62000
7.84943	301.69000
7.85453	301.72000
7.85583	301.72000
7.85703	301.72000
7.85833	301.73000
7.85953	301.73000
7.86083	301.73000
7.86203	301.73000
7.86333	301.73000
7.86453	301.73000
7.86583	301.73000
7.86713	301.73000
7.86833	301.73000
7.86963	301.74000
7.87083	301.74000
7.87213	301.73000
7.87333	301.73000
7.87463	301.72000
7.87583	301.71000
7.87713	301.71000
7.87833	301.70000
7.87963	301.69000
7.88093	301.68000
7.88213	301.68000
7.88343	301.67000
7.88463	301.66000
7.88593	301.66000
7.88863	301.65000
7.89143	301.64000
7.89423	301.63000
7.89703	301.63000
7.89973	301.62000
7.90253	301.61000
7.90533	301.60000
7.90693	301.60000
7.90833	301.59000
7.90983	301.58000
7.91123	301.58000
7.91273	301.57000
7.91413	301.56000
7.91553	301.55000
7.91703	301.55000
7.91843	301.54000
7.91993	301.53000
7.92133	301.53000
7.92283	301.52000
7.92423	301.59000
7.92563	301.67000
7.92713	301.75000
7.92853	301.83000
7.93003	301.92000
7.93143	302.00000
7.93293	302.06000
7.93433	302.11000
7.93583	302.16000
7.93723	302.21000
7.93863	302.25000
7.93993	302.30000
7.94123	302.35000
7.94263	302.40000
7.94393	302.45000
7.94523	302.50000
7.94663	302.55000
7.94793	302.60000
7.94923	302.64000
7.95053	302.69000
7.95193	302.74000
7.95323	302.79000
7.95453	302.84000
7.95583	302.89000
7.95723	302.94000
7.95853	302.99000
7.95983	303.03000
7.96123	303.08000
7.96253	303.13000
7.96383	303.18000
7.96513	303.23000
7.96653	303.28000
7.96783	303.33000
7.96913	303.38000
7.97043	303.42000
7.97183	303.47000
7.97313	303.52000
7.97443	303.57000
7.97583	303.62000
7.97813	303.67000
7.98143	303.72000
7.98483	303.77000
7.98823	303.82000
7.99163	303.86000
7.99503	303.91000
7.99843	303.96000
8.00183	304.01000
8.00373	304.06000
8.00513	304.11000
8.00653	304.16000
8.00803	304.21000
8.00943	304.25000
8.01083	304.30000
8.01233	304.35000
8.01373	304.40000
8.01513	304.45000
8.01653	304.50000
8.01803	304.55000
8.01943	304.60000
8.02083	304.64000
8.02233	304.69000
8.02373	304.74000
8.02513	304.79000
8.02663	304.84000
8.02803	304.89000
8.02943	304.94000
8.03083	304.99000
8.03233	305.03000
8.03363	305.08000
8.03503	305.13000
8.03643	305.18000
8.03783	305.23000
8.03913	305.28000
8.04053	305.33000
8.04193	305.38000
8.04333	305.43000
8.04463	305.47000
8.04603	305.52000
8.04743	305.57000
8.04883	305.62000
8.05013	305.67000
8.05153	305.72000
8.05293	305.77000
8.05423	305.82000
8.05563	305.86000
8.05703	305.91000
8.05843	305.96000
8.05973	306.01000
8.06113	306.06000
8.06253	306.11000
8.06393	306.16000
8.06523	306.21000
8.06663	306.25000
8.06803	306.30000
8.06943	306.35000
8.07073	306.40000
8.07363	306.45000
8.07673	306.50000
8.07983	306.55000
8.08283	306.60000
8.08593	306.65000
8.08903	306.69000
8.09213	306.74000
8.09523	306.79000
8.09723	306.84000
8.09913	306.89000
8.10113	306.94000
8.10303	306.99000
8.10493	306.45000
8.10683	304.63000
8.10873	303.06000
8.11073	302.82000
8.11263	302.58000
8.11453	302.35000
8.11643	302.11000
8.11843	301.87000
8.12033	301.64000
8.12223	297.49000
8.12413	250.16000
8.12603	167.43000
8.12803	131.03000
8.12993	132.82000
8.13183	130.96000
8.13373	129.11000
8.13563	128.99000
8.13763	129.10000
8.13893	129.20000
8.14013	129.31000
8.14133	129.41000
8.14263	129.52000
8.14383	129.62000
8.14503	129.73000
8.14623	129.83000
8.14743	129.94000
8.14863	130.04000
8.14983	130.15000